-5.057229 -3.588552
1.023803 5.159661
1.479217 11.794899
3.046361 0.010074
-3.801471 -5.260889
8.624559 6.39517
2.780883 -0.473317
-3.430415 4.587252
4.19819 1.118168
-4.032182 3.286689
3.27975 -6.982618
-4.649047 -4.643706
-3.874681 -4.990439
10.376683 0.504494
-2.361336 4.755876
-5.532355 2.181057
-3.470155 3.708304
1.992233 4.322618
9.559916 5.863171
6.23032 8.981815
-2.260811 -6.341571
2.921597 11.00706
7.68685 7.520034
5.622952 9.810067
3.719203 1.772802
9.761937 3.2552
-5.879358 10.055995
-0.634767 5.659738
3.667054 1.503711
1.33841 -7.342316
-4.372395 11.109983
3.901681 3.07981
-5.106075 -3.948095
-4.76077 2.624138
-0.730782 5.467528
6.190833 -6.124339
-5.165417 -2.502661
9.314222 -0.965092
9.569747 5.024919
-9.145209 7.756226
3.503966 10.675447
9.01063 -1.553919
9.931794 1.152142
2.059781 -7.084738
-5.199836 2.85548
0.897582 4.867696
3.860838 2.639673
6.155257 -6.493956
4.372374 -6.879893
2.127987 5.098734
1.521509 4.936961
-0.30053 -7.554691
3.032652 -1.206447
3.568811 0.631363
2.894036 -0.429287
-4.997765 -2.395218
-6.146083 -1.551664
7.756024 -5.266034
4.294648 10.844506
3.638229 0.211325
3.341654 3.25963
9.225922 -0.963117
6.520057 9.095075
-3.597624 11.425168
3.350251 -0.089362
-0.996738 5.325756
4.797113 10.254453
-3.20822 11.475225
8.624328 5.850704
-2.3977 11.202348
9.915607 3.898539
3.753497 -0.541501
-0.726776 5.630874
2.67165 -7.769247
2.506184 -1.02012
2.849222 -0.44844
-5.847176 -0.441197
-5.622618 10.319552
9.248173 -3.5147
3.608428 0.525166
-3.236495 -5.368843
-5.591505 -1.008051
10.246554 0.119443
8.503805 -3.798363
4.39288 10.973839
9.582619 -1.000452
-4.975932 2.283131
9.805314 -1.334275
-11.440462 4.410261
-3.488134 4.55805
2.510858 11.556949
1.50003 11.219383
3.562759 0.112783
3.39887 0.793925
3.984488 0.675397
-5.794808 -0.149217
2.644904 -0.094527
2.182335 3.669999
7.941496 7.539716
-2.552405 11.236722
5.865239 9.271538
-6.33838 9.855196
-6.128965 0.388922
7.683536 7.098669
2.989099 -0.084337
-5.499425 -0.86927
2.984354 3.699349
-3.511118 10.866271
-3.775864 3.567303
2.219055 -7.693324
-6.033942 10.052872
9.088528 6.254996
3.404391 0.125459
-5.246434 -3.22359
3.249797 -0.309464
-9.779512 6.799985
4.919494 10.291762
-2.414187 5.227545
8.296491 -3.091561
-2.416999 -6.959769
-5.637133 2.881678
3.19137 11.125781
1.799444 4.117154
-5.691838 -2.417191
1.87162 4.823328
2.087432 -0.489973
0.020761 4.928708
-0.281564 5.259347
2.408322 4.2216
0.897772 5.524114
7.120891 8.88095
-4.13552 10.349411
3.286917 -0.22865
6.686917 9.591468
9.782682 0.487712
-11.286139 4.1608
-5.662575 -3.514873
3.244583 2.839568
8.429744 7.33593
2.096688 -0.81008
3.887462 11.130981
2.823606 -1.055842
-0.77316 11.475921
3.398462 -0.977048
9.389883 0.065682
2.862648 -0.90745
9.426146 -2.258767
3.343971 0.569763
-4.938033 3.087797
5.309209 10.201652
-11.634696 3.353844
3.291608 2.026548
-1.856353 -6.603969
7.791777 7.137601
-5.250549 2.757897
3.26914 2.393409
3.491668 2.712668
2.875644 -0.314334
-6.613784 9.89675
-2.73556 4.510686
-4.942334 2.26384
-2.48961 4.863155
9.430236 -1.865193
-11.823314 3.513722
9.634833 1.758285
-9.230096 7.89121
3.489211 2.564157
-6.121524 10.436517
9.170481 4.207283
2.217849 -0.881306
-5.667728 -1.514892
-1.812528 -6.759332
8.735661 6.00462
-5.548479 -3.229692
-5.813409 0.684193
-3.719226 3.816549
-11.918534 3.374126
-11.903177 3.339112
6.679189 -5.111855
-2.757897 4.246183
2.559018 3.758504
5.543559 9.736455
9.337976 4.364492
9.675232 5.045075
2.349522 -1.264867
-12.269176 0.876174
-5.896117 -1.660175
-5.328074 0.28541
-5.851076 0.551716
-6.071826 -1.198285
2.254926 -0.62932
-5.177618 3.031782
-1.076709 5.56944
-5.846789 10.115388
7.121248 -4.658306
-3.918148 4.030433
7.974092 6.823327
-1.543843 5.06161
3.902338 10.710181
7.54057 -5.09622
-1.537699 11.063841
5.957619 -5.852336
1.274564 5.161988
-2.22612 4.680299
3.138003 -7.064913
3.413458 2.82844
-12.45331 0.921356
-4.848839 2.443077
1.10686 11.541146
-5.205646 -3.10893
3.883092 1.265688
3.280288 2.003414
-1.325398 11.682885
4.849985 -6.877474
9.551536 2.528435
-5.647836 -2.892769
10.023158 -0.211041
4.128357 2.009409
6.921129 8.557924
-4.732869 -4.645056
-6.179121 0.666968
6.156055 9.461071
-3.093991 3.918108
-5.653803 -1.530057
-3.445072 -6.058674
3.415481 3.952981
7.150236 -5.986198
1.559746 -7.457418
7.981623 -5.046766
-1.459663 4.867773
-10.097241 7.436549
2.936036 4.010254
-0.72984 -7.438622
0.114264 -7.041374
-3.912684 11.566968
3.935428 0.80462
-5.37139 2.251296
0.617639 5.690271
8.022697 -4.400796
-2.861056 11.147744
10.041244 0.286107
8.045967 6.511594
-5.978595 1.393186
-1.46867 11.787823
-10.679833 5.207075
8.232317 -3.430003
4.621984 -6.739524
8.810561 -2.51213
-0.387493 -7.673198
3.544535 11.209046
2.924971 -0.070954
-5.803177 -2.390154
3.488143 2.071606
9.80435 -1.319737
-4.121855 -4.396639
10.332788 1.686221
2.906747 -0.266169
-3.256049 -5.256122
9.890647 -0.316893
0.875258 11.937213
2.716179 -0.863725
3.95004 10.294682
0.380054 -7.66855
10.097222 -0.350452
1.108896 11.019927
2.305381 -1.284557
-1.580874 5.19289
3.985445 10.568498
5.800848 10.082266
7.216636 -4.975459
3.569071 1.427443
-3.668233 4.471399
-4.724423 -3.184015
-4.793542 -3.62098
7.332077 -4.416011
-2.465765 11.497034
4.983635 10.245047
9.961069 4.003049
-4.657055 -4.370349
-4.711469 -3.087749
3.937981 3.216705
3.57116 1.342216
5.046084 9.892852
8.037864 -3.862092
1.584579 11.778704
2.053504 3.792874
-2.966857 11.493852
-1.316213 5.412337
7.779616 -4.075479
2.594379 -0.877912
-1.932454 5.479296
3.371438 2.079806
6.231521 -5.758685
1.076955 4.919785
8.89096 -2.883517
3.007969 0.456723
3.750948 -6.702618
-4.049584 -5.023811
0.73272 4.76402
9.788668 0.150646
-3.988499 -4.735771
-0.25629 -6.82129
-5.261086 2.09915
10.061975 3.049948
-4.119789 4.116995
-1.918193 -7.22249
-5.145149 -2.057115
-3.587069 -5.655761
2.797759 -0.650509
-4.121614 -4.88703
2.667938 3.768598
8.003723 7.747148
-6.01208 0.111127
-4.438967 -5.456382
-2.476872 -6.211328
7.864137 -4.766596
2.606042 3.175589
-5.398593 2.333738
3.893508 1.332597
4.039646 1.343824
-0.935983 5.664756
9.337421 5.117226
2.410958 4.347005
2.923989 3.459325
3.563603 1.700821
2.389011 4.737661
6.653204 9.279665
2.482844 -0.690383
-4.542917 10.720628
0.551051 5.67796
-4.719018 3.013914
-2.450233 11.414382
-1.667614 11.068376
7.446788 8.101685
5.721609 9.181465
3.34896 -7.03887
3.29021 0.911368
-5.897734 1.190674
-6.002944 1.395433
3.309697 -6.809145
1.523983 4.971004
1.261083 11.740758
9.80417 0.907152
1.232533 -7.692973
-6.243186 -0.901658
-11.997313 2.170653
2.157044 4.784582
-0.823149 4.788755
-0.325356 5.289164
7.813254 7.425647
4.120681 10.364056
3.797653 0.632418
1.187128 5.06975
-11.863183 2.554197
-1.60512 -6.982077
3.773572 2.756462
-1.350903 -6.702675
-4.776427 2.531292
-3.902386 -5.355557
8.903704 -2.892927
-5.591117 1.110129
3.080936 -0.143658
-2.940631 11.233167
-1.141623 -7.585272
8.985621 -2.537659
3.971849 2.2094
2.727919 3.291261
-5.149395 1.623868
3.922121 0.889979
9.676206 3.920189
9.801248 4.829092
3.895676 -6.642723
4.581424 10.784276
8.080735 -3.457857
-0.416625 4.850601
2.516029 -0.661423
-0.697103 -7.052996
-4.08738 -4.493178
-5.472328 1.165828
-3.908908 3.404336
-0.325632 5.695816
-3.512525 4.109887
2.336264 3.99101
-9.071647 7.99727
-4.078766 4.180395
-3.654066 -5.494561
2.650387 10.655532
2.533305 10.714007
1.219334 4.930496
-6.174051 -0.018895
-5.221975 2.368549
2.42864 -1.535978
-3.40836 4.009369
4.801834 9.868057
3.597788 3.088017
10.093172 3.314898
-4.070713 3.232159
4.063389 -7.577015
3.963681 10.202015
3.095947 2.801162
2.164791 -1.707276
-5.441316 2.703601
-5.594046 -2.650354
-5.973586 -0.246099
2.223033 -1.157095
-0.602393 -6.820654
-0.741115 -7.393859
9.208893 4.910552
-1.52304 11.707674
-4.67743 10.449095
0.190643 11.31184
-1.590642 4.883532
5.737531 9.710602
3.386527 0.644927
5.490468 -6.414669
-5.737875 10.585179
-5.201994 2.591696
-0.341896 -7.509525
8.751617 -4.146587
7.649998 8.18146
2.993597 3.902188
9.76926 2.306604
3.299792 3.603981
7.57346 -5.53122
3.705364 -0.384247
-0.049254 4.976769
6.011711 -5.837883
3.970686 0.195672
-1.581181 -6.37913
0.245192 11.169936
3.080976 -0.177022
3.777012 0.41698
-2.725028 4.703991
6.690565 -5.952147
-5.865651 10.668198
2.922851 -0.924074
3.271091 2.852878
-2.742243 -6.22714
1.717719 -7.514129
-3.153443 -5.757352
-0.964144 11.593043
-3.72617 4.193015
-5.513913 -1.204315
-5.020441 -2.958712
3.382492 1.60457
9.608381 1.735232
-0.82475 -7.282763
-4.772444 10.756369
-0.516397 11.922225
3.34378 3.298739
1.62594 -7.896392
4.384755 10.511822
9.613529 1.684045
-12.10544 2.385828
-5.320123 0.452272
-3.944306 -5.380143
-5.218559 2.846888
8.515334 -4.452863
-5.380733 10.023582
9.117821 5.417349
-4.183846 10.697816
-11.645738 2.193245
10.236067 1.745539
4.140238 0.877639
7.666055 8.781216
9.181724 5.703667
-11.71401 0.354797
9.828572 -0.188307
9.400862 -2.151389
10.414802 1.732954
-7.480954 9.396388
-6.145751 10.404946
-3.256206 5.173537
2.812461 4.329551
7.745704 7.0701
-4.599708 3.18281
3.962369 2.755968
-0.365464 -7.081768
2.227809 -7.703963
-9.912036 6.217372
8.822253 -3.678391
10.084807 2.747032
-11.654684 1.549617
-1.100707 11.231386
-9.385878 7.517506
-5.394723 2.002027
10.284237 0.394867
2.968532 -0.420115
3.96728 10.503083
3.57982 0.641911
2.483792 -1.565686
5.606486 -6.365147
-4.284587 3.785712
3.466386 2.232343
8.510043 -3.558803
3.312756 -0.067499
-1.215515 -7.453285
6.38786 8.803577
-0.950798 -7.179606
3.185059 -1.05066
8.409352 7.133269
8.548141 6.784211
10.41649 2.426529
6.05985 -5.522431
-5.689527 -2.405314
-2.623516 -6.130925
-1.307918 11.724512
-2.042542 11.26865
-6.192315 0.718847
5.301358 9.409354
3.804701 0.168318
-3.783754 -5.044841
3.57932 2.660062
-5.470643 2.644798
3.607519 1.116555
6.331939 -5.709038
0.756366 5.292221
8.396346 -3.097635
3.676711 -6.870483
-5.492802 1.39871
8.701996 -3.038057
9.542799 -2.602409
-0.711112 5.677057
7.718809 7.306076
-4.416383 3.319576
-5.901033 0.576172
-0.05373 -7.25444
9.905969 4.402559
5.073309 -6.029269
-1.910673 -6.254134
10.193115 2.171507
9.931107 3.109526
10.365301 -0.281627
9.806305 0.591676
9.198643 -2.590459
4.482834 -6.550836
0.031974 -7.223431
-3.733728 4.375385
-6.285052 9.610307
6.181859 9.157502
6.156017 9.402054
3.025164 -1.27267
-2.414579 -6.152746
-4.934073 3.650145
6.455763 8.730261
2.632379 -0.589127
3.51491 10.768813
-4.77264 3.035289
3.754106 10.825089
0.255868 -7.218492
2.977287 3.03025
3.51502 0.762124
3.870081 3.422039
3.969577 2.584761
9.270586 4.647282
0.972449 5.236043
9.041114 6.2409
8.938121 -2.137345
5.842597 9.974527
-1.310254 5.45561
-2.096203 10.997252
6.901221 -4.762301
-7.31578 9.492436
1.7047 4.128685
9.691249 0.329525
-0.212721 5.039373
9.896389 -0.422054
-3.586685 -5.092891
-5.893001 -0.18381
7.559083 -4.846694
-5.108633 2.260418
-1.189582 -6.9247
8.337394 -4.296315
8.881509 -3.28871
0.492413 -7.362728
1.17118 5.485114
-4.186271 -5.245349
0.746089 -7.012571
3.464329 3.56154
1.241972 4.748063
3.747572 1.57689
-5.456095 -3.455683
2.044743 -1.741135
-5.624686 -0.035471
8.759995 -2.376896
9.699821 2.632754
9.622436 2.911321
-5.117092 2.483417
-10.851658 5.004746
-6.184893 -0.258285
2.414649 11.070468
-9.622964 7.363758
6.845126 -5.209228
1.794544 4.839064
-3.894613 4.167673
-6.271909 10.219107
1.204771 5.462354
-4.601557 -5.000195
-2.276215 5.509343
2.967987 3.102411
2.031862 -1.345898
3.341666 -0.181536
-5.723765 1.021771
1.095414 -7.827972
2.463554 4.158876
-1.754787 11.559516
-6.022559 10.112031
-3.875336 4.141826
1.927034 4.692244
-4.698839 -5.110858
-0.300499 -7.515653
5.582346 -6.308319
-2.121908 -5.965907
-10.423152 5.744086
3.47149 3.419998
9.150365 -1.92435
3.316673 0.932193
8.306153 -4.517508
-10.295911 5.944759
-3.007187 11.631765
2.88705 4.097926
9.887582 2.570882
3.825217 1.335777
2.735183 -0.091782
-5.953215 10.707403
2.443604 -0.771637
3.514278 1.020607
2.324031 -7.679237
-9.406024 6.354464
3.331196 -0.40364
2.438172 4.0577
-5.426319 -1.869763
-10.351407 5.819089
4.036731 0.888496
-3.162366 4.832593
-11.967934 1.168692
2.72597 -0.712558
9.183031 -1.381733
-10.657145 6.011197
6.089702 8.581114
2.577244 -0.871113
-1.552443 -6.613111
4.271287 10.435336
3.841197 0.826431
3.99317 1.112441
-5.078655 1.807873
-1.879445 -6.699205
-2.26314 4.81791
8.905548 -3.098284
8.769172 5.783112
2.137173 4.038242
-4.391675 -4.48407
9.487947 -2.475979
-4.827574 2.507321
8.830411 7.082278
9.358557 -2.21011
3.195773 -7.616516
9.862317 3.069797
6.882697 -5.318769
3.286065 3.332044
-6.224074 -1.258449
-5.802299 -2.769768
0.056117 11.239845
-5.500262 -1.437901
-4.121346 -4.268249
-5.77706 0.663984
8.797527 -2.852462
-1.102741 5.698911
6.880503 8.991624
-3.879441 -4.662677
7.219784 9.131598
-9.910219 6.599837
4.16961 10.211145
-0.251812 -7.364903
-10.303842 6.735462
-4.050262 -4.826016
-0.966192 11.909903
-3.811473 4.143227
-1.261505 5.606172
3.811417 0.248291
-0.626528 11.825226
8.280602 -3.017964
8.949286 6.883186
9.906069 3.242891
8.51424 5.619177
-0.731108 -7.334136
-5.887772 -1.683845
7.891536 7.877431
-3.723587 4.332255
-11.975929 2.900416
2.158156 11.255513
3.839508 0.452445
-4.897709 10.538329
0.710663 11.534321
0.901303 5.072653
0.46127 4.830566
9.526833 2.5276
2.273738 4.905685
3.550431 3.398859
5.280728 9.309441
9.281165 -1.083589
-1.562677 -6.941094
8.127443 6.822121
0.809114 -7.32277
9.80841 5.019601
-7.913051 8.868892
-3.840325 4.668778
-4.453195 -5.224646
0.929483 5.128948
10.241006 0.816012
-4.298747 3.532306
3.496381 1.721892
3.700999 0.495303
5.67654 -6.541123
-3.6696 -5.581751
1.73242 -7.722201
-4.79519 3.277665
-5.087746 1.849428
-5.742068 -3.663296
8.44234 -3.294159
6.340803 9.097938
-5.118487 3.072213
-5.415384 10.372495
-5.535028 -3.412768
-1.88162 11.587622
-4.509499 3.122124
9.598596 5.543941
6.383901 -5.812754
-2.223314 5.621037
-10.487478 4.837856
0.92544 11.450091
-9.934242 6.54107
2.713113 -0.201001
1.320842 5.232454
-10.165993 6.19485
-0.165326 5.403793
7.15215 -5.764621
-2.104073 -6.563113
4.348372 -7.227729
-5.793564 1.593035
-0.779431 5.767653
-5.4855 2.550865
2.866163 -6.754512
-9.793875 7.455928
-5.891454 -0.528297
1.710533 4.948213
-8.602368 8.223987
-7.05848 9.86829
9.522083 4.581786
-1.959302 11.542189
-2.324008 11.648568
-5.822043 -3.074512
2.893013 11.036892
-5.013665 3.410994
6.627231 9.668576
3.1239 -7.315713
-3.280229 11.259198
-3.270601 4.362597
2.829405 -0.23737
9.759908 4.639712
1.252782 4.522767
2.849966 3.785506
3.471722 0.79835
9.338104 5.051948
-11.283271 2.265479
-1.58246 4.880153
-6.335303 -0.770692
6.414231 9.066218
9.539778 -0.018657
6.724863 8.788045
2.040774 3.923038
3.453019 -0.500424
-6.009576 -1.699693
9.142627 6.427233
3.5655 1.764575
-2.385386 -6.290555
9.697836 2.394909
1.982684 4.657385
1.170028 4.874004
9.095549 6.482006
-4.932089 -3.066412
2.766204 -1.23491
8.983009 5.729154
-4.667817 -3.909888
2.300876 4.366283
7.61768 -5.335964
-9.767378 6.80185
-2.209576 -6.181078
3.472054 1.027352
-11.054882 3.990187
-4.655727 3.445747
-5.853761 -2.022629
5.624854 10.160313
-0.054592 5.336864
9.824737 3.382997
-0.070863 -6.95032
-4.809778 10.532854
3.803298 10.805616
3.688592 3.259505
-0.460345 11.076677
2.491755 -1.268047
5.102477 -6.111507
-8.837258 8.591023
10.177618 1.242494
2.417747 4.07346
-3.150205 4.87419
0.833151 4.97098
0.528374 11.347023
2.298187 -0.798291
9.764664 -2.055635
0.043548 5.143167
10.265528 1.330663
3.834383 0.891096
2.845673 -0.937726
8.232433 -3.757169
5.385561 10.072521
-3.770694 11.027465
1.841971 4.80995
2.830246 3.783473
9.445427 -2.027594
-7.313481 9.46705
5.348574 -6.462624
-6.224274 -0.919153
3.528118 1.989221
2.977881 4.346386
-11.47907 4.625919
-3.95427 10.575144
-0.704248 -6.566269
3.172608 2.767171
3.945284 -0.123372
3.307825 3.925762
1.846765 11.209948
-3.335921 -6.118659
6.363083 -6.340442
2.328118 -0.472098
1.495009 11.216419
-2.124409 4.858585
-5.59093 9.983184
9.04146 6.372923
3.311329 0.079533
-0.253745 5.469762
-6.469034 9.925704
7.266872 -5.143994
-1.373001 -6.898596
0.964455 -7.385477
-1.923141 5.592709
2.939249 3.959397
-8.320288 8.102495
-5.159565 -3.62549
-8.819574 7.558051
-3.084438 -5.359602
-3.274695 4.882394
2.457768 -1.218546
-5.565185 -1.769629
-5.532008 -2.669808
-5.187824 1.209109
3.309565 -7.176873
9.720652 -1.128157
4.15783 2.196116
-5.404214 10.44479
10.198335 3.175632
9.654042 3.758305
2.638806 3.953436
1.825238 5.02114
-0.532983 5.405151
9.659304 1.373691
-4.309601 3.204564
-4.481016 2.859855
-1.673366 5.354115
3.955358 1.797875
3.294246 0.528038
-1.662294 5.719229
-10.794823 4.00312
1.249174 5.316126
-0.789519 -7.238393
-8.010731 8.62154
-0.658966 -6.962584
3.313281 10.667162
3.514344 10.858563
-2.428454 4.895946
4.185349 -6.927469
3.635104 0.339686
-11.284922 3.891584
3.062666 0.150041
-0.568214 5.25244
9.637211 1.150578
7.238169 -4.653713
5.987954 -5.946996
2.697751 4.153297
-4.842388 1.743715
3.611406 3.192396
3.229591 2.547036
3.568412 0.133862
2.853661 -7.003229
2.945016 -0.959952
-4.111454 4.209055
2.763426 3.925911
3.940551 2.439897
-4.060054 10.801457
4.016128 1.099549
-5.291763 2.469127
-5.658851 0.744502
2.743724 3.958906
2.711459 -0.719286
1.827844 4.946997
1.684021 4.471087
-5.058251 -3.24472
-2.404749 5.137503
0.783937 -7.23227
-5.586371 0.182905
5.112183 -6.480237
3.291398 0.164155
3.143885 2.833291
-1.183716 5.165315
-3.830949 3.520489
3.679214 3.306367
4.777215 10.324361
10.051696 1.700492
5.598066 -5.558404
9.958359 -1.020387
9.863407 -0.088726
-0.077361 5.369022
-5.923652 10.261852
-5.409396 1.377676
9.188487 -1.8703
-7.223549 9.304405
1.283917 5.097119
-0.204781 5.634805
1.719014 4.665455
7.871857 7.522619
4.094843 0.717703
2.482262 -1.369544
3.929791 2.514633
3.541064 0.174354
-4.794005 -3.648175
-5.975887 0.336399
-6.004919 -0.080815
2.779346 -7.128073
-10.219989 5.165515
2.438526 -1.550853
-1.743136 11.038598
-5.653922 -0.449125
-6.946898 9.526447
-4.287103 -4.231449
8.357691 6.073233
-10.127893 5.919214
-5.017194 -4.419452
9.991921 3.332639
-4.044392 10.936642
-5.968466 10.053762
-5.50924 10.333212
0.342954 11.639281
6.765879 8.074419
-4.546321 -4.898112
8.999484 -3.488992
-5.462418 -2.774254
-1.670433 5.224388
-5.82284 -0.06719
3.328465 0.630601
-3.162007 4.450847
3.63723 0.047624
-3.309 -5.468312
-3.892923 3.620785
-2.796331 -5.868317
-0.006419 -6.971535
0.028213 -7.142111
2.624298 10.805333
0.557143 11.252058
0.916974 5.456302
3.830361 1.41396
-11.657465 2.990455
9.445562 0.871301
2.867543 -0.63275
3.183662 2.878238
-5.425001 -1.689999
8.867048 6.845115
6.668179 8.566674
-5.643116 1.346671
3.646037 -0.633613
5.490456 -6.258711
-4.918451 2.737937
-10.978309 4.650909
-1.195013 5.281783
9.293825 3.480793
3.610521 0.256796
-7.799027 8.924098
-1.066904 5.592353
4.006873 0.414888
9.808024 0.335399
-10.142622 6.437554
1.935435 10.764203
9.791864 -0.726582
-5.394633 -0.165084
4.166282 1.069751
-4.302223 -4.322757
6.223513 -5.543196
2.129944 -1.323309
-11.681648 4.03472
0.902282 -7.001998
9.399546 -2.938888
3.224836 3.83892
10.340158 2.567344
3.240331 -0.619257
9.451936 4.826546
7.965094 -4.337362
2.790144 10.519768
8.768383 -3.270338
2.885429 -0.090928
3.02439 2.906703
-1.718647 -6.833893
-4.508413 -4.349438
-11.161671 2.771928
3.652609 -0.451516
8.497243 -3.042017
-2.819907 4.174903
3.782214 10.411293
-5.890365 -2.471388
3.939497 1.990666
7.544909 7.539324
-3.901602 -4.981295
9.894985 1.186027
0.046354 5.464779
-12.312158 2.156941
6.173387 8.660424
-4.735194 -4.217933
3.170491 -0.559712
2.696077 3.61899
-3.644414 4.182204
-3.411799 4.143279
4.241797 10.535645
-3.029154 4.631668
10.113499 3.211051
-2.054391 -6.219265
-3.712545 10.879918
6.113221 9.249254
0.686967 -7.742854
5.108441 9.469246
-9.269962 7.288949
-4.954108 -2.592176
9.666561 5.097856
10.030907 3.946119
8.535838 6.882342
-5.539926 1.842361
-10.799743 5.477469
7.633193 -4.470782
-10.252466 7.086238
4.469153 -6.87407
4.546526 10.672552
-8.872607 7.704594
2.36138 3.823828
5.481217 -5.740052
-1.759752 -6.09672
-7.353077 9.415752
2.360426 -7.839166
0.872869 5.230432
1.716862 5.355967
-0.51626 -7.459089
-0.467733 5.398971
3.519403 2.640799
2.112472 4.042359
-1.759003 4.992829
-0.751998 -6.997605
-5.295858 -2.796959
3.661699 -6.716571
4.719474 -6.736688
3.38048 1.704787
-2.109509 5.36907
-1.999218 11.36925
4.77249 10.51981
4.297997 10.585045
10.360752 1.859859
7.292373 -4.747664
9.753696 4.501614
3.399176 1.947228
9.515647 3.008293
2.053394 -0.855844
6.899412 -4.827217
-0.66077 -7.032633
-11.770903 1.714856
2.526562 4.564038
-4.934371 2.959323
4.687546 -6.650043
9.840013 0.66197
-0.812789 -6.845936
2.828714 -0.571089
5.985117 8.767139
-3.087744 11.59756
-1.070706 -6.462725
-5.2586 1.461783
-0.470732 4.885197
-2.785715 5.115446
-5.778792 1.945452
6.831067 -4.951215
-2.189584 5.214833
7.070511 -5.431137
0.261818 4.970939
-8.543568 7.811032
-4.604919 -5.225094
3.859339 2.243957
-10.609978 5.981352
4.015885 1.430274
2.295261 -0.922211
1.970416 4.532587
-3.448482 -5.510827
2.389376 4.12485
0.298723 4.996603
2.89497 -7.818666
-6.149806 -0.744583
1.955452 4.184076
2.576308 3.527527
6.779923 -5.656773
-10.524601 4.692651
0.738638 -6.992846
2.947068 -1.059867
-0.121329 5.159462
-3.163723 4.946867
8.60773 6.39831
-5.186978 10.633703
3.707706 -0.109099
3.835399 -0.047719
5.866179 -5.643701
-10.008837 6.750197
3.045452 -0.931737
2.258551 4.742339
-0.812307 5.719179
-11.033934 3.587629
9.592507 -1.847845
3.37179 0.642557
3.270636 3.887674
2.37108 4.118139
-11.248564 2.54749
-5.682882 -2.941583
3.215808 4.070838
-1.865146 5.097632
-11.671403 3.399468
9.043685 -3.051069
5.693511 -5.559913
-0.480429 -7.407472
-4.431648 -3.968145
9.700123 -1.726894
-6.037288 -1.065397
3.938068 1.30296
3.636741 1.67558
7.065006 -4.758947
7.617979 8.125256
3.115296 -0.77542
-5.844127 1.543079
-5.744167 10.450085
-1.107238 11.842511
-2.052677 5.012282
2.772303 3.470054
-12.271993 1.140351
7.115249 -5.339045
9.833314 2.079155
2.325489 4.705995
1.676984 4.771115
2.114256 -1.391641
3.92099 2.231101
-3.853467 11.30609
-0.715335 5.558636
1.119226 4.401488
-1.241792 4.896811
-5.180093 -2.533541
-10.032372 6.91955
6.393876 9.203119
-2.975538 11.594895
-0.082924 5.464184
2.248927 -7.174013
-2.469191 11.901833
-4.88344 -3.811754
9.470802 4.878434
2.683176 -0.773989
9.479426 3.842318
9.524571 0.498853
4.873508 -6.262249
3.284582 3.822604
-1.296567 4.911564
9.568597 1.994905
10.099773 1.03251
-3.2069 -6.231933
3.603286 -0.189867
5.414239 9.667757
-9.638903 7.992106
-5.500885 -0.754738
-1.829208 -6.068613
3.400888 3.452486
-1.483833 5.545205
-3.638908 4.865895
10.230119 1.205363
10.158488 1.884972
8.875227 5.212991
-3.674474 -5.692779
-11.894715 0.451946
6.177321 9.391318
2.87589 -0.338873
3.451012 3.678695
9.193155 3.664441
9.752788 4.089436
3.27561 3.37645
3.82073 1.960492
3.869383 -7.199865
-9.000992 7.86521
-0.727086 5.24827
-3.850169 11.279156
9.666679 -0.103583
-5.666033 -1.714445
-1.744841 -6.531781
-3.713226 10.94489
-2.908747 5.065191
9.391407 0.145764
9.994298 -0.559062
4.637087 9.868117
-4.986718 10.65944
9.700558 1.053454
3.023602 -0.686417
-4.58208 3.108578
4.25188 1.176378
-3.275923 -5.625867
-3.781061 10.578496
9.148548 -2.304329
2.927312 3.714945
-1.269332 11.142175
3.756318 3.084708
2.674354 -7.317368
2.329308 -1.424386
2.191614 -7.002569
0.746179 4.859313
-3.43431 -5.824451
4.225305 1.669059
-11.108301 3.325661
-2.177386 -6.869135
-5.559502 -2.971135
-8.820372 7.756117
-0.912597 5.38219
-4.36528 3.782424
7.052849 -5.03121
7.730047 8.143073
0.692499 5.269116
-5.48397 -1.800898
-1.010481 5.752275
3.365115 10.608219
8.81683 -3.364141
-5.383272 2.05178
2.841574 -0.44249
7.666491 -3.662933
5.916831 10.069118
-4.730467 -3.754324
-3.784818 10.98725
8.542146 -3.481023
4.984015 -6.081617
3.719606 2.765425
6.399717 8.759136
0.950411 -7.799467
-3.412597 -5.830788
0.893912 4.870932
5.239439 10.030334
3.800812 -6.895848
-0.446455 5.462011
3.955029 1.418465
6.150643 -5.923474
6.282348 9.264736
8.047717 6.709267
3.534511 1.268409
1.598325 4.528572
9.352222 -3.100118
0.125079 4.93914
-5.075521 2.055965
7.821519 8.23159
3.554737 10.739007
-1.418743 -6.222796
-11.626992 1.065646
-4.784204 11.170872
-5.779935 1.307304
9.81613 -1.581761
2.035456 4.847307
3.402305 -0.594924
7.564906 -4.16768
4.256351 2.085338
-5.403721 -3.450762
5.290077 10.428727
3.526633 0.101729
9.779768 2.929985
-4.831677 3.12178
3.938842 1.767226
-5.28393 -2.137212
-5.837509 1.310078
1.173398 5.34442
0.443191 11.843042
-12.427832 0.968503
3.117182 3.725362
5.099797 -6.296926
3.867686 0.455803
-0.3491 11.177333
3.616324 10.598455
-1.348764 5.188004
-0.711561 5.008791
2.923725 -7.545152
-4.44767 3.623128
8.417823 6.94552
3.798938 2.097479
8.807235 5.211917
-1.846427 5.395012
2.966753 -0.659941
2.257422 4.12594
1.904786 4.308803
-0.365064 -7.22159
0.823993 -7.449752
1.388896 -7.68529
3.462372 2.569877
-5.986745 1.572499
-11.927105 3.131319
2.77508 -0.984204
2.064479 5.084482
-5.807331 0.949732
3.080126 -6.967928
2.091158 -1.533336
4.233981 1.358816
-0.20135 5.301825
7.897899 -5.056037
4.818861 -6.687789
3.147426 3.784252
2.910023 -0.374512
-5.120066 -3.930039
-5.334467 10.129191
2.480172 -0.716533
3.71917 -0.50531
-1.661657 5.279968
10.191068 2.697729
1.643173 5.080709
-4.941648 3.54742
5.120623 9.507496
8.15725 -4.753724
4.785882 -6.993068
-0.975557 5.190336
-2.026608 -6.734173
-8.769241 7.44957
-0.920829 5.331283
-10.224085 6.060992
-4.225243 -4.52121
7.446783 -4.359723
3.6499 -6.549323
0.894635 -7.344311
-0.392846 5.634446
7.745759 7.375838
1.271124 4.729107
-2.867212 -6.429034
7.645941 8.154299
1.299169 10.924053
3.696726 0.141754
-2.005138 -6.65746
7.890632 -4.587577
3.587288 2.846055
-4.195572 4.200703
-11.998441 2.629758
0.581278 5.625859
3.550151 1.377039
6.743235 -5.429044
-4.656111 -4.287641
-11.699046 3.717302
3.982167 0.475087
7.016262 -5.880387
-6.602577 9.466759
9.618432 -0.065824
-2.837692 11.193393
8.685125 6.50223
6.720452 -4.906859
-4.885632 -3.053538
-4.208314 4.170133
3.443434 11.023502
-2.378536 -6.622628
4.970265 -6.890352
4.18101 9.935213
9.370602 4.142181
2.543305 -0.773218
4.232179 -7.115511
9.713127 1.422203
3.395842 -0.361596
8.278048 -3.233713
4.944087 10.528855
9.751289 -1.631189
-3.241304 10.85921
-11.998311 1.011688
3.832851 2.695312
-0.351789 5.303591
8.047026 -4.169269
2.641548 11.523102
2.308881 4.876712
4.152848 -6.839249
2.888578 -0.537485
-4.906891 1.961665
3.750643 10.790597
-0.64035 -6.783652
3.561624 0.903609
2.978327 -0.645614
4.054617 1.102568
2.905794 0.226702
-3.272041 -5.278043
3.250945 2.915546
8.851826 5.010294
-0.456543 11.227691
6.902552 -5.809596
-3.319852 -5.511811
-4.556455 10.219875
-1.089713 -7.227612
3.546137 2.976632
2.016634 -1.036466
1.939636 4.677117
-3.552728 4.055372
-2.625611 4.223533
-1.934882 11.367334
10.263389 -0.037457
-4.56956 3.157095
9.176512 -2.470568
2.058614 -0.865543
0.966959 -7.299702
-3.597308 4.970543
2.577569 -1.123994
2.105262 10.833708
-5.345216 -3.214341
3.822947 11.02796
3.143567 3.319521
3.72949 2.442348
2.629517 -7.124791
-1.302085 5.156164
-5.299969 2.05837
7.272387 -4.801146
-9.469476 6.456886
3.224267 0.655627
-3.728818 -4.527351
-5.122841 2.617314
-3.96195 3.379028
-4.919929 -4.269003
3.58309 2.117061
3.542141 -0.324157
3.333804 0.066426
9.699867 -0.841917
5.926093 9.281417
1.154238 4.933338
-2.173933 -6.368395
3.674203 2.21418
-2.499026 4.630784
-10.829536 5.287586
8.428937 6.363158
3.314842 1.214551
-5.815047 9.947724
-5.833515 1.474927
3.767937 3.281051
3.876988 -7.118467
-2.136512 10.932016
9.890317 1.916015
2.004492 11.615866
5.305915 9.391483
-1.868235 11.757319
4.042232 0.561382
9.892123 2.230591
-0.472675 5.213743
9.331272 4.975931
9.752663 3.952896
-3.19079 -6.327126
-9.164749 7.375561
7.386256 -5.732281
2.26301 -1.290416
-6.407189 9.567552
2.196233 -0.791349
7.97797 8.011999
3.776536 2.335679
7.81068 7.122634
-0.806973 -7.479669
3.787615 2.082147
3.145522 11.00318
9.047256 -1.304619
-4.058424 10.433346
3.004489 4.387335
6.270103 9.433246
8.188373 6.582357
-0.262606 -7.485013
-3.759935 3.184003
-2.811147 -6.251169
7.390884 -4.774545
4.369893 10.211253
7.873255 -4.790133
9.508093 3.867045
-4.807582 3.926267
6.654191 8.471434
1.367099 5.022578
7.005523 -5.117771
-2.385687 11.082358
-11.546298 0.938944
-5.192077 1.634118
4.016623 0.523755
0.840213 5.573533
2.834838 -1.524778
1.920104 5.046227
-5.434903 -0.614843
-6.654183 10.317419
2.96478 -7.051563
-5.58474 -2.576519
9.19123 -1.338872
-2.505599 5.461955
2.025908 -1.546925
1.659607 5.005316
2.727586 -0.617532
2.519138 4.759933
6.718479 -4.979449
-5.973331 -1.057911
2.159326 -1.357652
3.578187 2.789579
3.803135 0.258782
-0.499578 5.380578
3.552717 1.205023
3.531203 1.788374
-0.769885 -6.628975
3.931311 2.949156
9.625239 3.963412
-3.859476 -4.592227
-1.824428 -6.6157
-10.226454 5.34175
9.689392 -1.118647
-5.640494 2.138459
8.060441 -3.631996
-0.46461 11.214435
-4.375349 -4.489257
-3.062198 -6.268724
3.500372 3.702077
-5.819732 -0.381026
9.184686 4.726634
-5.531407 -0.548934
10.213692 2.467804
-2.604143 4.928509
7.015735 8.498181
3.412324 11.038119
3.497584 2.553403
-7.499568 9.156017
3.291637 -7.639135
-5.756749 10.710615
8.014712 -4.632897
10.137238 4.071275
-6.023189 -1.946676
9.50025 -2.69138
-5.562071 0.736737
-8.729156 7.292102
8.912687 -3.607918
5.020306 -6.679412
5.419442 9.859458
6.64426 -5.684642
3.317512 1.243913
2.862276 11.207876
-2.031362 -6.095258
-5.94322 -1.862626
6.613324 9.354349
2.767516 -6.914506
3.525121 0.229836
-11.774376 1.248047
2.154861 10.951475
3.052416 0.356165
3.833232 3.026426
-4.966505 1.734063
-4.596624 11.270952
9.175956 5.644003
-6.202724 1.314989
-4.317031 3.614494
-7.684843 9.438972
-1.288126 4.815631
-8.736835 8.171068
2.196575 -1.737549
-0.564642 11.808154
2.254597 -1.297691
2.121883 11.324991
-5.634442 -2.693755
-2.102851 4.888281
3.474888 2.73828
-2.051285 -6.365197
1.655551 4.828926
-1.84129 -6.214232
2.376943 -1.618961
9.256195 4.967025
8.553112 7.397445
-0.610046 -6.770447
-2.746783 -6.582683
-0.010817 11.060686
8.706094 5.60707
8.744951 6.262159
5.780828 8.865214
4.023873 2.196775
7.16742 -4.591965
-2.562833 5.33991
-2.609988 4.653484
4.519058 -6.21601
3.415358 -0.107284
-0.156337 -6.930463
-0.874785 5.030604
-3.807648 10.673135
-3.794703 -4.974958
6.783068 8.604778
2.975302 4.13484
9.297017 3.97802
9.264509 4.610389
8.747447 -4.241098
-2.916315 -6.235146
3.360998 3.819802
2.816131 -0.783936
-4.01358 11.510258
2.921601 3.703474
2.919154 4.220245
2.371173 4.080228
8.355638 -3.486918
-2.017003 -6.724208
-4.881996 1.821886
10.135447 3.371023
-1.255015 -7.045891
5.493471 -6.385734
-7.808596 9.210816
9.630708 1.884279
6.119482 -5.647055
-5.739671 -1.146125
-11.901677 2.422104
-1.90047 -6.169655
6.336513 9.51062
-11.732569 4.336109
-9.119224 7.358797
-11.724229 0.75049
2.78783 4.260014
-5.906485 -1.4057
1.001465 4.715334
-1.161901 4.706945
8.538938 -4.045585
9.265616 4.948554
8.977362 6.824769
-4.298524 3.390086
8.229806 -4.35641
3.427047 4.002485
-2.433804 -6.042423
-4.037926 11.533933
8.620039 -3.284111
2.09897 5.188347
-1.366942 11.638052
2.281478 -7.178498
-7.513825 8.739402
4.091545 1.934827
3.329081 3.961163
1.738932 5.02464
4.147228 -6.776095
-12.02833 2.901396
-5.025899 2.625154
4.856563 -6.646739
-1.639958 5.484642
2.520689 4.772555
-11.69683 0.726258
-3.386893 4.55616
0.909797 5.366287
3.376099 -0.201754
-4.494663 3.840299
-1.798182 5.151398
8.993273 -3.146271
3.522146 1.696605
3.298993 -0.036258
5.296106 -6.863316
2.328391 -0.710457
-4.634385 3.653649
-2.532372 4.583793
2.061839 -1.441032
9.898817 4.66933
3.098452 3.566487
-0.915226 -7.048257
3.354057 3.085707
4.566545 10.460632
1.392733 -7.189048
5.496535 -6.32863
-5.644124 -0.290243
-12.44292 0.943441
-7.280213 9.179486
2.784924 3.724021
-4.474935 2.991545
-5.290084 -3.918035
-5.146312 -3.004664
-5.310416 -3.926
6.738744 7.98143
9.964263 -1.135466
-6.371644 10.331629
-2.953177 11.280997
1.18268 5.249801
-3.291262 -5.789135
3.824122 2.486325
2.056627 4.78011
0.039023 -6.951359
2.579001 4.030242
-7.107369 9.174216
5.083555 9.779073
6.552301 8.606306
-4.373679 10.622825
3.221076 3.032842
7.191671 -4.894629
-0.024981 -6.687078
3.774171 0.536421
-6.0124 -1.346022
3.648932 3.311433
3.769239 2.830403
-5.628314 -0.224815
2.448496 10.764951
0.154705 5.585409
3.088359 3.905448
-10.347139 5.308557
2.56871 -0.801622
-5.863177 1.322597
-4.66993 -4.245381
0.109939 11.262465
-0.512791 11.138299
8.615267 6.539211
0.726 5.195938
-1.557349 5.495251
9.802757 -1.8015
5.184214 10.2419
10.143661 1.311046
0.279637 11.792754
8.955039 6.018101
1.295158 11.112588
1.510237 11.161518
9.192403 -2.073814
2.978806 11.115858
-0.644344 5.219564
-3.202592 -6.440907
-6.146559 0.239556
0.120693 5.406704
2.768861 -7.352269
2.383623 -1.095169
-4.898024 -3.848235
3.38034 2.951251
-1.41352 -6.353701
-5.2505 -4.123047
-3.889509 3.910434
3.64862 10.744544
6.640558 9.646846
-4.816991 3.868374
2.418033 -1.335202
-4.717132 10.402881
1.397511 4.625531
8.598545 5.907461
7.910113 7.239157
5.063644 9.79937
6.744252 9.020996
5.736459 -6.124493
-2.183202 11.236688
-1.719989 11.090506
9.913795 1.710633
3.931365 -0.019429
-3.991702 -4.935822
3.387614 -0.191981
1.424468 4.900715
-3.87455 -5.751327
-2.688249 4.971302
7.527633 8.221443
1.006215 4.806879
-5.639342 -0.952008
-4.269547 11.293114
7.904171 7.912016
5.839465 -5.970115
-4.520972 3.633764
-5.395219 -0.204517
-5.665536 -2.963078
-5.227395 -2.327733
3.87398 3.300386
-4.671665 3.382576
7.189817 -5.062985
9.316523 5.006219
9.370384 5.352966
-12.489673 0.887725
10.023568 0.741295
7.789756 -4.20942
-4.078263 3.502945
-1.718878 -6.772437
-9.773259 6.808937
3.009781 4.084085
10.227979 0.05099
9.671393 0.481389
6.28941 9.505239
1.106037 -7.052992
1.815586 4.385484
4.412045 -7.149232
9.54788 2.830318
3.424464 0.913448
-2.819894 -5.900643
-5.791466 -2.460161
2.858373 -0.204828
-6.219444 9.971466
8.943114 -3.116464
7.369127 8.926475
-0.157693 11.715645
3.389174 0.951102
3.1021 4.116355
9.398504 -0.795119
-4.379343 3.22328
6.056974 -5.846662
-5.85702 -2.524092
10.021539 1.225423
6.424373 -5.763197
-3.872567 -4.662882
1.803651 4.620773
-2.494282 11.038257
8.63841 -2.562612
1.326038 5.341383
1.224066 5.615362
0.280971 11.952358
7.642098 7.771723
3.407648 3.481841
-5.228274 0.619825
-1.967276 -6.574187
-0.408884 5.296089
-1.301592 5.318877
-6.330705 -0.36718
-1.434865 11.467992
6.584835 -5.870858
3.085153 11.416546
-2.229335 11.533556
-3.983371 3.242859
2.110919 4.504172
7.090713 -5.235124
0.279115 5.151575
9.117044 5.68302
-3.649446 4.260956
-2.0158 5.457294
3.181202 -0.811285
-3.095648 11.61799
4.373306 -7.040548
3.605647 1.007202
-1.708682 -6.927494
-11.393487 2.472265
3.434652 2.338086
-6.955544 9.913428
3.984383 1.993963
9.908553 0.858907
7.612765 -4.391832
10.140179 -0.337754
-0.766034 11.175357
3.310484 2.635591
1.632438 4.332823
2.098681 11.316457
-10.754091 5.439171
3.53765 2.420514
6.833649 -4.995409
-11.866752 1.315157
-1.792595 11.4666
1.902921 4.310968
-1.146515 -6.901694
3.37267 1.876213
-3.478035 10.80907
4.228975 0.96304
-2.602853 4.994776
3.713866 1.115871
0.866522 11.648763
4.092714 1.617762
1.253231 11.319588
7.442597 -5.600258
-5.162706 -3.270354
-4.027322 4.043083
-1.485687 -6.716666
-0.484761 -7.462316
0.896005 -7.042179
7.905936 7.328337
7.175559 -5.676593
10.213533 1.253422
7.673391 7.487937
3.306851 1.115901
9.949562 2.762485
-5.98924 -2.472054
7.533993 -4.395588
-3.475474 -5.572814
9.814255 3.057036
8.401119 -3.092357
2.679307 -0.997477
1.137158 4.545452
-3.930211 10.887985
2.78996 11.106923
7.703212 8.104249
8.500595 7.034377
7.51591 8.184118
8.201728 6.620174
-4.979909 -2.692823
-6.191078 -0.443312
0.558506 5.765456
-2.954574 11.635634
2.069202 -1.549062
10.085639 3.797439
-3.28405 -5.886389
7.413493 -5.005848
-1.244881 11.83529
-8.109365 8.389766
-11.137532 4.801289
-7.80174 8.600132
-1.973829 5.142075
-2.630702 4.350009
-9.134175 6.828678
9.595059 -0.277148
3.699065 2.523107
-3.96583 11.018325
-2.680844 4.697332
2.514155 10.684459
-9.213272 7.17024
1.298746 4.608277
5.065323 -6.278001
-2.058922 11.483636
9.770432 1.894684
8.386558 -4.46765
9.607601 1.257773
7.298233 8.357596
-1.776959 11.313494
2.826027 -0.812765
2.116296 -0.825051
3.299435 3.6974
0.537762 -7.861537
2.482299 -1.310807
7.957662 -4.003772
0.390426 -7.038595
3.525585 0.245206
4.629294 -6.687089
9.105892 5.093074
-1.39082 5.52675
2.265947 -0.821669
6.553219 -6.274798
3.876956 0.013323
2.3032 -1.267444
2.435356 -0.676697
8.379204 6.78238
3.448538 -0.306402
9.816852 -1.48028
-5.894944 1.650867
0.910443 11.390613
-3.141043 -5.50267
-2.259599 -6.593131
6.510614 -5.08415
3.364385 3.290456
8.600625 6.99492
3.769629 10.584417
2.810388 10.977113
0.390959 11.06804
-5.875975 -0.874029
-5.189672 2.416041
2.718796 -0.80973
-10.463996 4.85534
-5.885665 -0.105821
9.780873 3.951956
-5.868366 -0.602012
3.780287 -7.532214
10.227212 0.596653
3.783963 0.697217
2.068881 4.431701
6.808646 9.088131
-9.161357 7.18363
5.458433 9.966866
-3.924441 -5.284226
7.122407 7.886042
-3.582693 11.476497
-3.299019 11.198824
-5.508998 1.974986
2.13588 -7.089571
2.879344 -0.386035
-0.561374 11.417954
-5.901832 1.384538
-3.565033 -5.466014
-9.485706 7.928117
4.06753 2.266729
-7.403407 9.34374
0.772676 11.593966
-3.54374 11.160515
3.928605 2.28927
-3.957003 10.600207
-1.956878 11.320913
0.383306 -7.699927
-4.072191 -5.284119
-0.034624 11.986283
10.043673 2.850799
-9.537819 7.760401
-0.772446 11.66604
0.841919 5.376715
6.695637 -6.379371
3.044971 -0.878244
8.533325 -3.625991
3.376939 1.348474
0.4726 5.180753
4.682302 9.833765
-0.268887 -7.444711
2.38942 -1.27606
2.606412 -1.046954
2.259236 3.591804
-0.257889 -7.217342
-12.024813 1.014101
8.623892 -2.736567
-5.00576 2.806845
1.090483 5.431945
9.952618 -0.664881
-1.970785 11.899667
2.137738 4.692875
3.299635 3.349305
3.307905 -0.373566
-4.956873 -3.788488
-10.093018 6.44493
5.098426 -6.377937
3.684453 2.755937
6.046412 -5.914508
-5.956494 1.592554
-1.283757 4.7993
-0.425552 -6.704235
-1.348622 -7.121385
1.426316 -7.385922
3.652454 0.36146
3.828178 0.906598
10.058638 3.699181
0.91938 5.088323
3.675166 10.261902
-5.777875 -3.185544
0.874408 5.421544
3.206289 2.374734
-0.554694 11.355178
-11.207286 4.293211
3.426159 11.055645
0.543374 5.013985
-5.934952 0.566137
-3.122975 -6.050753
-2.989704 -5.812189
-0.142136 -6.775005
9.669292 -0.603319
2.576947 -0.424687
6.899299 8.910364
6.131887 10.028721
2.665806 -7.283654
-2.4403 -6.33199
-2.048653 11.032292
-1.026829 11.64389
9.870801 4.843345
-5.119148 -2.799631
3.229401 0.116481
0.551919 -7.782232
3.100111 0.591413
9.638528 0.214611
3.416977 0.456468
7.626285 -4.439571
2.867725 3.0616
10.100383 2.944379
-3.266709 11.687913
8.973278 -3.226149
-5.163368 3.263502
-0.998229 5.524606
3.672065 1.907392
9.242762 -2.658031
7.468001 8.129475
4.056789 1.270873
9.1858 -2.338223
9.184921 -2.263657
3.753082 2.414316
-4.746238 2.308146
-5.027554 -3.449216
4.212766 1.746579
8.989307 -2.648232
-4.069537 -5.208295
0.436752 -7.757083
1.00464 5.0463
7.197124 -5.076447
8.054225 7.826663
-5.659109 -3.100074
4.229622 -6.843472
1.822826 4.220546
2.08803 4.411305
-6.337871 10.119475
-2.142328 5.596536
-5.048744 -3.045746
2.109199 -1.235793
2.318409 -7.763202
5.517218 9.870063
-5.594317 -3.32204
-7.785502 8.908082
7.443107 -5.288052
10.396508 0.441257
9.707088 3.680843
3.722442 -7.561408
2.116236 -1.587952
7.007222 -5.890964
0.127057 -7.510996
1.155682 -7.835253
9.574366 0.311699
2.848132 -7.199254
-4.712469 2.563221
-0.961231 11.212203
-5.414326 10.410829
4.896055 10.442871
7.559004 -4.739779
-4.183313 3.351409
2.313362 -0.790531
-8.156841 8.71614
-5.591896 -1.482776
2.436013 3.719983
4.154738 0.735772
-10.744788 4.384541
3.176638 3.20047
-1.729282 5.063306
3.843876 1.019604
2.87658 -0.831955
6.83888 -5.076509
9.615905 4.821556
7.879637 7.203476
3.777758 0.064269
4.058255 9.886325
-5.607715 2.170301
4.243224 1.838262
-10.068499 6.107875
-6.253725 -1.624495
-3.831346 10.582033
-11.565813 3.804004
4.736409 9.774462
0.590485 5.242357
2.689815 -7.339236
5.983827 -5.700272
-5.515736 -3.013689
9.534574 4.451448
2.534544 -0.7413
-2.958066 11.186313
-1.826943 5.384362
10.421616 0.262715
-9.847841 5.483937
1.136523 5.252045
1.755481 11.419262
9.57527 0.77982
2.622822 3.429354
9.5074 3.312944
5.362921 10.01965
3.298131 10.530672
2.70062 -0.748822
2.302737 -7.530401
2.762921 -0.550286
-5.684896 1.067736
7.593016 7.946739
-3.824472 -5.673652
-11.307725 4.004752
7.406716 -4.997598
3.396661 2.163812
0.519934 5.139104
-5.681042 -3.296505
-11.733996 1.846427
6.53152 -5.534881
2.124137 -1.406182
6.858577 8.544658
4.110195 -7.039237
-2.329496 -6.038159
-0.113705 11.413211
3.957177 1.418458
2.137995 11.616039
-5.032393 -2.828566
0.771985 4.961201
3.293018 -0.802605
-10.586865 5.315271
0.265243 5.597829
-3.516794 4.770266
0.08105 5.036065
3.456203 2.851469
7.995677 6.725121
-5.958021 0.854782
3.663889 -7.580818
3.966691 1.671075
-1.75008 4.867769
-3.688612 4.069366
1.298776 11.858477
2.549603 11.507317
7.482188 8.330429
-0.163314 -6.997182
-4.851665 10.991745
6.516662 -5.641902
-0.907402 11.905096
-4.576185 -3.815557
-4.669668 3.563715
-1.98963 5.393744
3.181823 -6.703682
3.95595 0.755265
1.243437 5.305261
5.748904 -6.225732
4.695453 10.058342
9.750533 -0.751571
-4.274499 3.59104
-3.690994 4.898907
4.167223 1.916018
3.768767 1.519175
-6.314359 0.146469
3.914921 2.21834
3.847738 2.212202
3.469967 11.05965
-3.698917 4.543584
-0.910825 -6.652803
-0.329776 5.348489
-0.264755 4.959465
9.488228 1.534408
10.431765 0.834472
4.50077 -6.584326
1.992843 4.675425
9.617174 -0.398224
3.697255 -7.283115
-5.970109 1.500975
3.039752 -0.569528
-3.528223 3.902202
2.508251 4.325903
-1.913789 5.079417
9.201544 -2.216561
1.947734 11.626521
3.715817 0.877817
10.05477 1.185639
-3.228226 11.736047
-5.019284 -3.316724
2.559594 -6.912129
6.798164 -5.173459
-2.000856 -6.694623
-0.454175 4.937193
-12.009596 0.536905
2.523958 -0.654246
0.708487 5.456894
3.693337 1.512175
0.421557 11.634699
3.840354 1.001846
-11.675336 2.33057
1.558378 -7.124265
-4.04034 10.601693
-10.278633 5.959566
6.64523 -5.481986
-0.626439 -6.792298
6.810333 -5.678391
7.059082 -5.328826
9.323289 5.196027
-10.092452 5.349452
10.209536 0.154584
0.168702 5.781105
-11.475317 2.656365
-2.570689 4.634242
-4.42613 3.482201
-10.616258 4.452285
-5.442021 1.6362
2.165514 4.279634
2.4614 3.443869
3.450257 -0.175065
-11.736434 1.930572
8.609253 7.262284
-4.713809 -4.182673
-6.119627 -0.208106
-5.5946 -1.412858
2.907563 3.306829
-5.497461 -2.854141
-3.499151 3.785788
9.805402 3.6007
2.337976 4.141519
3.183741 2.428916
5.677165 -6.056502
2.402504 -0.510115
1.697743 4.28924
6.273063 9.405056
8.29921 7.244284
3.546449 -0.561729
6.056722 8.586626
-0.385252 5.545317
3.059882 3.492001
9.908017 0.828655
-5.635583 1.298383
3.72697 0.914489
6.725692 8.88519
4.223423 2.462845
-0.07897 11.153893
7.682998 -4.040854
3.691057 2.842746
9.725513 -2.518049
-10.508257 4.489777
2.271346 -1.113734
-5.751845 1.116416
1.694683 4.675651
2.664629 -1.150345
2.230064 -0.770157
-3.911209 -5.417361
-5.552969 1.037002
-5.639803 1.002169
-5.756495 -2.374773
-9.903514 6.487817
-5.37088 -0.604247
8.204882 -3.892399
2.887408 -0.664379
-10.156181 6.867247
-5.668721 0.185469
5.134982 10.021092
0.680311 5.244953
0.56835 4.760515
-10.108289 5.966241
8.775447 -1.92035
8.02072 6.665513
-5.313379 -1.173213
3.374521 -0.127405
5.557043 -6.430256
4.010989 10.64412
8.144305 6.180411
2.730161 3.966974
-1.608805 -6.230599
3.522095 -0.205374
2.098066 -0.743122
9.373731 3.299681
-5.409096 -1.694439
10.053797 3.003238
4.057081 1.32541
-4.937775 -3.120403
0.21314 -7.464021
-1.46448 11.236328
2.39735 -0.579793
9.96869 0.052469
-3.792689 4.501861
8.826625 5.666253
9.128946 4.575072
1.244097 5.356935
-5.792363 -1.28817
-2.490345 -6.132275
8.003402 8.112571
-0.165346 5.278497
2.214599 -1.250469
3.364303 10.811666
8.441072 -2.765851
3.10981 3.381902
4.144458 2.144271
4.21464 10.527439
2.542683 11.595447
-0.545899 5.744798
2.912593 -0.840589
1.862748 -7.103976
1.348656 4.556745
4.404414 -6.495791
-3.69148 3.804441
-0.015186 -7.328499
-5.060524 3.41226
-0.570962 5.541722
-5.558633 -1.918174
-4.121541 2.884632
-4.520798 -5.305813
-11.584852 4.575534
3.44063 1.333717
-2.710852 -6.630721
8.640755 6.030896
2.760137 -7.40304
-4.838486 -5.173987
1.917094 4.694888
-11.30359 4.538893
1.726799 4.954925
1.47757 5.111307
1.514187 4.998307
6.901264 8.588212
8.705271 5.604843
3.882932 0.281506
6.797488 8.95664
4.44653 10.637518
9.474756 2.035664
-3.780788 4.677058
-2.070864 4.617439
-6.247844 -1.131242
0.477721 5.612045
-4.436598 3.473556
2.628094 3.697818
-4.83626 10.407368
-4.369193 -4.723378
3.057712 0.031268
2.234263 -1.150777
-0.022095 5.171739
3.325148 1.431487
-2.934942 -5.831423
9.48751 5.224096
-5.510804 2.202884
-5.037633 10.03846
-5.245116 -4.515102
1.096262 11.502651
-5.727323 -0.033297
3.660476 1.307866
-5.982998 1.061048
3.690378 -6.884428
5.847641 9.503821
-4.777231 3.153632
-4.745732 3.08954
0.931763 11.465762
-11.786178 2.766817
3.133728 3.26116
-10.849319 3.869213
-1.527341 4.722317
-5.998918 0.805754
1.427069 4.684136
-7.198726 10.033653
-2.824361 -6.217503
-5.444793 -2.974058
9.664774 -1.688601
-4.299446 3.430683
2.552944 11.108205
-2.657626 4.776419
-3.433941 3.812287
-6.700851 9.285327
-2.524183 4.938404
6.234938 -6.262607
9.61464 -2.15454
-0.538375 5.595578
7.598151 7.337884
8.709102 -3.062493
9.915951 1.473295
8.7941 5.178793
-0.083932 11.80315
-5.449161 2.137478
3.181591 -7.678515
2.539346 -1.234292
-3.944562 3.70429
-11.972472 1.221663
-5.81273 -2.649884
-3.009042 4.075541
3.072441 0.699667
6.545683 -5.07792
-1.177812 5.151764
-2.539534 -6.105984
-2.903914 5.331989
-4.272592 4.030478
-4.867931 -4.942499
-3.456237 -6.188543
-4.994579 -2.898009
3.554575 1.951076
-2.461876 4.800416
-4.562425 10.962606
-0.931053 5.74784
-4.974432 -3.120062
2.227885 4.365023
8.218844 -4.526304
-1.415711 11.115148
9.307873 3.556695
-1.862061 11.700578
7.270751 -4.9828
0.200249 -7.423898
3.683149 2.90036
9.656938 5.366309
7.655717 6.900738
-0.663169 5.208249
-3.611951 4.649613
-6.164436 10.128987
-3.271858 -5.130921
2.019305 -1.307073
2.083555 4.207482
3.114027 3.774191
8.677897 -2.796896
-3.048263 4.515705
2.400148 -1.049575
-4.746175 3.153903
7.89123 -4.4073
-1.911063 4.666311
3.697495 1.836337
3.14244 2.856512
9.864461 -0.200095
7.845237 8.196611
-2.968971 -6.084928
-1.417023 5.735476
