1.006419 7.971535
-8.568597 -0.994905
-7.830411 -6.082278
-3.094843 0.282297
-6.523232 5.807146
6.821965 1.606403
4.28405 6.886389
-1.116236 2.587952
7.602577 -8.466759
-2.780135 -2.359208
4.095648 -10.61799
-2.616324 -9.598455
-5.858577 -7.544658
6.290705 -1.840261
2.918193 8.22249
6.500885 1.754738
-7.379204 -5.78238
-1.217849 1.881306
-2.526674 -0.074967
-9.093172 -2.314898
1.554694 -10.355178
-0.424468 -3.900715
-3.141734 0.183406
12.71401 0.645203
-2.841197 0.173569
11.034014 -4.763859
1.769885 7.628975
-2.780287 8.532214
11.351407 -4.819089
-3.004822 -1.307537
1.07897 -10.153893
-4.425436 -8.596009
1.731108 8.334136
-5.622673 6.423651
2.198781 -10.830815
-6.730047 -7.143073
1.156337 7.930463
-5.270103 -8.433246
-2.098452 -2.566487
13.427832 0.031497
-2.382791 7.627481
-1.632379 1.589127
2.107238 -10.842511
2.719989 -10.090506
1.568214 -4.25244
-8.574366 0.688301
4.299019 -10.198824
6.200474 4.905676
-1.875644 1.314334
0.090203 -4.366287
6.901832 -0.384538
6.409096 2.694439
0.890061 -10.262465
-0.62527 -10.728648
0.609574 8.038595
6.131894 3.589475
-6.036848 6.143801
4.20822 -10.475225
-1.044743 2.741135
-2.715817 0.122183
6.012551 -2.18241
-0.367099 -4.022578
-4.046084 -8.892852
-1.227885 -3.365022
3.385386 7.290555
-1.885429 1.090928
4.256206 -4.173537
-1.689815 8.339236
-8.498559 2.330104
6.415384 -9.372495
-1.305381 2.284557
2.010481 -4.752275
-9.431765 0.165528
3.903914 -4.331989
-4.120623 -8.507496
1.473699 -4.404615
6.653922 1.449125
-1.867725 -2.0616
-1.295261 1.922211
4.679302 5.834377
-2.431453 -0.914489
3.173933 7.368395
-3.801834 -8.868057
-2.19137 -10.125781
-2.63723 0.952376
-0.822826 -3.220546
12.975929 -1.900416
-1.084646 -3.214725
3.26314 -3.81791
3.177386 7.869135
-4.127128 -9.271894
-0.738932 -4.02464
5.809778 -9.532854
-8.515647 -2.008293
-2.453907 -2.741561
6.426319 2.869763
10.676434 -5.733328
11.829536 -4.287586
-2.667054 -0.503711
0.289337 -10.534321
3.688249 -3.971302
6.691838 3.417191
3.378536 7.622628
-8.926276 1.835314
-8.113135 -4.69037
-0.927034 -3.692244
-1.059781 8.084738
1.950798 8.179606
-2.840354 -0.001846
6.4855 -1.550865
-7.503805 4.798363
1.837254 8.325127
2.934882 -10.367334
4.360041 6.783556
4.72515 6.317375
-2.514344 -9.858563
-1.531274 8.044951
-2.525585 0.754794
3.499026 -3.630784
-7.706094 -4.60707
-2.95004 -9.294682
1.516397 -10.922225
3.88215 -3.739968
0.652321 -3.971721
-5.089702 -7.581114
10.134175 -5.828678
-7.407217 4.513804
-1.533846 2.329673
7.089968 0.892851
11.784231 -2.613104
2.161498 8.175936
-6.666491 4.662933
-0.155682 8.835253
-8.595059 1.277148
1.82475 8.282763
4.633283 5.615909
6.953992 1.922013
2.432603 -10.824328
10.638903 -6.992106
12.918534 -2.374126
5.520972 -2.633764
0.068237 -10.465762
-2.081454 -2.760911
-6.952035 5.96812
1.998229 -4.524606
-4.800848 -9.082266
6.328074 0.71459
11.093018 -5.44493
-1.730777 -9.646235
11.799743 -4.477469
-2.72949 -1.442348
-2.72697 0.085511
0.968026 8.223431
-6.891536 -6.877431
1.538374 -4.595578
-7.51424 -4.619177
-1.975302 -3.13484
1.741115 8.393859
-1.77508 1.984204
5.932089 4.066412
-2.71917 1.50531
-2.434175 -1.528409
-1.417747 -3.073459
-3.223423 -1.462845
-1.254597 2.297691
6.162706 4.270354
4.807648 -9.673135
-2.428777 0.085158
5.732869 5.645056
5.881996 -0.821886
-2.955358 -0.797875
-8.801325 -2.58696
-1.159326 2.357652
-2.834383 0.108904
-2.00288 -2.425007
-2.343914 8.086168
-3.15783 -1.196116
-4.414239 -8.667757
7.333863 2.139248
12.137532 -3.801289
7.201771 1.153772
-5.679189 6.111855
1.157693 -10.715645
-2.009197 -2.632098
-5.150643 6.923474
5.655727 -2.445747
3.61501 -9.976761
6.756749 -9.710615
-2.318318 -0.244394
-2.292217 0.145744
6.394723 -1.002027
-8.971161 0.386978
-1.068881 -3.431701
6.290084 4.918035
-6.910113 -6.239157
1.165326 -4.403793
-8.791864 1.726582
-3.77249 -9.51981
6.843383 -0.315665
-6.544909 -6.539324
-4.280728 -8.309441
-4.646628 6.891874
-6.779616 5.075479
6.552969 -0.037002
-1.16791 2.440084
-2.26914 -1.393409
-1.101024 8.527875
-8.802757 2.8015
-6.390884 5.774545
-1.797759 1.650509
-2.683149 -1.90036
-3.566545 -9.460632
-2.310484 -1.635591
-1.793773 -3.417479
5.298747 -2.532306
5.379343 -2.22328
-2.522095 1.205374
-2.601892 -1.375677
5.601557 6.000195
3.968934 -10.513323
-1.329308 2.424386
7.179121 0.333032
-1.336264 -2.99101
-2.652454 0.63854
-1.265947 1.821669
-1.697751 -3.153297
1.919954 -4.118295
5.604919 6.225094
-9.100383 -1.944379
3.824361 7.217503
-5.690565 6.952147
6.313379 2.173213
-2.29021 0.088632
7.33838 -8.855196
-3.056789 -0.270873
-2.138003 8.064913
5.698839 6.110858
6.223635 -10.029481
6.82284 1.06719
-7.188373 -5.582357
6.115992 3.610809
-8.265616 -3.948554
-0.50003 -10.219383
-1.098681 -10.316457
6.656239 -9.534989
6.064831 -9.24752
-2.753497 1.541501
2.307918 -10.724512
-8.491701 -1.335696
-4.129694 8.045739
-9.360753 -0.859858
9.010731 -7.62154
-0.127248 8.30268
5.938033 -2.087797
-2.27975 7.982618
10.213272 -6.17024
4.048263 -3.515705
6.377267 -0.502349
-8.398504 1.795119
5.745732 -2.08954
5.391675 5.48407
-8.598596 -4.543941
-1.4614 -2.443869
-8.241094 1.688413
7.146559 0.760444
-2.922121 0.110021
1.30053 8.554691
6.037633 -9.03846
-0.758241 8.772312
-6.175559 6.676593
-2.419007 -2.140179
7.946898 -8.526447
4.81955 6.518347
2.552443 7.613111
4.062198 7.268724
6.634442 3.693755
-8.890317 -0.916015
13.271993 -0.140351
4.275923 6.625867
6.847176 1.441197
-3.581424 -9.784276
2.075031 8.04645
-4.362921 -9.01965
-8.862317 -2.069797
-0.397511 -3.625531
-2.87398 -2.300386
-2.213524 -2.932845
11.849319 -2.869213
-1.435356 1.676697
-0.659607 -4.005316
-3.25188 -0.176378
-2.424464 0.086552
-5.282348 -8.264736
-1.164791 2.707276
-2.183662 -1.878238
-8.391407 0.854236
-1.977287 -2.03025
-2.183741 -1.428916
12.901677 -1.422104
1.727086 -4.24827
-8.638528 0.785389
-2.876988 8.118467
6.737875 -9.585179
0.769039 8.156629
6.85702 3.524092
-6.189817 6.062985
6.033481 -9.550265
11.032372 -5.91955
2.708682 7.927494
-2.474888 -1.73828
-8.036531 -4.551476
-3.231883 8.127101
-1.783551 1.883326
6.245116 5.515102
-3.341795 7.808084
5.542616 -10.04666
-4.424909 7.243059
-8.57527 0.22018
-0.219334 -3.930496
10.164749 -6.375561
12.866752 -0.315157
6.851176 1.519391
-3.50077 7.584326
-1.318409 8.763202
-8.128946 -3.575072
2.959303 -10.542189
1.920829 -4.331283
9.769241 -6.44957
7.407189 -8.567552
-2.316673 0.067807
10.485706 -6.928117
13.44292 0.056559
-2.800812 7.895848
-4.301358 -8.409354
-0.827844 -3.946997
-2.971849 -1.2094
-2.47149 -2.419998
-3.896055 -9.442871
5.373679 -9.622825
1.726776 -4.630874
6.492802 -0.39871
1.472675 -4.213743
-3.025472 0.312881
11.609978 -4.981352
1.264755 -3.959465
-9.414802 -0.732954
-6.521443 6.33094
3.908747 -4.065191
-7.204881 4.892399
-1.56871 1.801622
-6.791777 -6.137601
7.700851 -8.285327
-2.02289 -2.446662
-6.51591 -7.184118
-6.57346 6.53122
-9.084807 -1.747032
-0.949828 8.286265
3.223314 -4.621037
6.973331 2.057911
6.897734 -0.190674
-2.568811 0.368637
11.156181 -5.867247
13.10544 -1.385828
2.590642 -3.883532
-0.175738 -3.623729
4.084438 6.359602
-9.191068 -1.697728
6.117092 -1.483417
-2.902366 -1.6118
-2.803135 0.741218
6.455157 -1.086998
6.1662 -9.171742
-5.156055 -8.461071
1.083932 -10.80315
2.430607 -10.349544
0.103995 8.042179
-1.031741 -9.975954
5.848839 -1.443077
-1.230064 1.770157
1.644344 -4.219564
4.924441 6.284226
7.037288 2.065397
-1.371173 -3.080228
-9.230119 -0.205363
4.6696 6.581751
-3.036731 0.111504
5.183313 -2.351409
-5.455763 -7.730261
-1.061839 2.441032
-1.486358 -2.745688
-5.173387 -7.660424
-6.535249 5.502385
-6.873255 5.790133
-1.016633 2.036466
-1.164886 -10.403307
-0.510237 -10.161518
-1.360426 8.839166
-5.964833 6.808591
6.894944 -0.650867
-7.022697 5.400796
-2.100111 0.408587
4.889509 -2.910434
-4.061604 7.698611
-2.914921 -1.21834
1.05373 8.25444
-2.955029 -0.418465
-8.512557 -2.363483
-6.413493 6.005848
2.759752 7.09672
-1.87658 1.831955
-0.00464 -4.0463
-4.721609 -8.181465
-3.054617 -0.102568
5.917098 -2.296576
4.944562 -2.70429
-2.03608 -3.184465
-7.912687 4.607918
2.923141 -4.592709
-2.285132 1.449241
-1.219055 8.693324
3.859977 -9.848932
3.368265 7.166296
-8.608381 -0.735232
0.657046 -10.639281
-0.939636 -3.677117
5.175316 -9.548472
2.102741 -4.698911
-2.856445 0.591907
5.186271 6.245349
-5.38786 -7.803577
-4.916831 -9.069118
-9.045465 -0.836807
-8.63025 0.189615
4.0761 -3.642726
-2.882932 0.718494
1.912597 -4.38219
-9.227979 0.94901
0.804126 -3.792233
-5.231521 6.758685
9.236997 -8.087528
5.816991 -2.868374
3.595815 -9.830416
6.37139 -1.251296
2.244881 -10.83529
-2.767937 -2.281051
-8.618432 1.065824
2.141623 8.585272
-5.177321 -8.391318
1.163314 7.997182
-0.598325 -3.528572
-7.60773 -5.39831
-1.577244 1.871113
-8.487947 3.475979
-5.155257 7.493956
-1.87589 1.338873
-2.962369 -1.755968
-9.198335 -2.175632
-8.968453 0.42894
2.661657 -4.279968
-8.688463 2.349322
-2.399176 -0.947228
11.664228 -4.854454
-2.727587 -1.927185
5.08738 5.493178
-9.327475 0.069796
-8.208893 -3.910552
-1.096688 1.81008
4.528223 -2.902202
-8.773341 -0.400798
-2.34378 -2.298739
-8.752663 -2.952896
-1.823606 2.055842
-2.434652 -1.338086
2.639958 -4.484642
3.311841 -10.698522
-7.232433 4.757169
7.191078 1.443312
-2.929791 -1.514633
5.867931 5.942499
4.431258 6.493956
-8.256195 -3.967025
-8.713127 -0.422203
-7.152449 -6.625198
2.241792 -3.896811
-0.332878 -4.174542
-3.152848 7.839249
-3.546526 -9.672552
-9.193115 -1.171507
1.25629 7.82129
-1.418033 2.335202
-6.61768 6.335964
6.78876 3.097997
7.543571 -9.09741
-5.833649 5.995409
-8.314222 1.965092
-2.023311 -3.067694
5.937775 4.120403
-2.365115 -9.608219
-2.364303 -9.811666
-2.39887 0.206075
12.724229 0.24951
-0.694683 -3.675651
-2.893508 -0.332597
1.915226 8.048257
12.774376 -0.248046
-2.808936 -0.840302
7.145751 -9.404946
-0.716862 -4.355967
6.097729 -1.291589
-2.889263 -10.100784
-2.822947 -10.02796
5.111454 -3.209055
-2.299435 -2.6974
-1.283691 -3.457264
-2.57982 0.358089
0.854369 -4.275477
2.417023 -4.735476
-7.609253 -6.262284
7.128965 0.611078
-1.36898 -3.169031
-7.685125 -5.50223
2.46867 -10.787823
5.506153 5.065341
-9.158488 -0.884972
8.77809 -7.845276
0.158081 -4.376715
-2.35814 -2.705399
-2.143567 -2.319521
5.302223 5.322757
4.029153 -3.631668
2.39082 -4.52675
5.044392 -9.936642
6.639803 -0.002169
-3.228975 0.03696
-8.539778 1.018657
3.771438 -10.261777
-2.696146 0.675605
-7.127504 5.226434
-7.677897 3.796896
-2.782214 -9.411293
-6.533993 5.395588
7.174051 1.018895
-8.338104 -4.051948
-0.815586 -3.385484
-8.217485 -3.540376
1.955814 -3.95584
-7.851826 -4.010294
12.986479 -1.491995
-0.717719 8.514129
-2.931365 1.019429
-1.430376 2.256537
6.00576 -1.806845
4.824472 6.673652
1.766034 -10.175357
-0.745034 -4.333908
5.966505 -0.734063
-0.244097 -4.356935
6.756495 3.374773
2.581181 7.37913
-2.99317 -0.112441
0.943883 -10.239845
-8.770432 -0.894684
-5.720452 5.906859
1.029275 -4.068975
-3.792772 -9.429255
-6.890632 5.587577
-2.249797 1.309464
1.602769 -4.410621
-4.290077 -9.428727
-8.805402 -2.6007
-1.638806 -2.953436
-8.964263 2.135466
4.19079 7.327126
-7.045344 4.872722
1.175118 -4.521621
-3.092714 -0.617762
6.380733 -9.023582
-5.363083 7.340442
-1.73016 -2.966974
-5.709625 -8.296212
7.149806 1.744583
4.430415 -3.587252
1.138776 8.211604
9.729156 -6.292102
2.911063 -3.666311
-3.373306 8.040548
-2.783963 0.302783
12.733996 -0.846427
4.908908 -2.404336
-2.773572 -1.756462
12.033934 -2.587629
-1.083555 -3.207482
-9.053797 -2.003238
-5.119482 6.647055
-3.042232 0.438618
-2.000606 -3.210698
-6.645941 -7.154299
-2.992174 -2.05982
-3.324891 -9.506616
-2.697495 -0.836337
-2.313281 -9.667162
2.856353 7.603969
-1.271346 2.113734
-9.137237 -3.071275
-2.53765 -1.420514
-2.062666 0.849959
-5.190833 7.124339
-6.31202 -7.394587
6.167607 3.860929
8.658935 -8.299651
6.187824 -0.209109
7.655905 -8.231256
-2.554575 -0.951076
-2.684453 -1.755937
3.361336 -3.755876
3.725028 -3.703991
-9.021539 -0.225423
1.658966 7.962584
-3.849985 7.877474
6.793564 -0.593035
4.811473 -3.143227
-8.862381 -2.497611
-4.865239 -8.271538
6.844127 -0.543079
4.70422 -3.899666
-5.273063 -8.405056
4.516794 -3.770266
-0.955452 -3.184076
-8.815001 2.844043
4.902386 6.355557
1.121329 -4.159462
-4.737531 -8.710602
-3.052068 -0.465969
0.660531 8.695647
1.257889 8.217342
-8.833314 -1.079155
4.784818 -9.98725
4.241304 -9.85921
-0.903132 8.403477
1.015186 8.328499
5.713809 5.182673
0.720363 -10.792754
0.872943 8.510996
6.978595 -0.393186
-2.835399 1.047719
-6.665443 5.147624
6.934952 0.433863
5.44767 -2.623128
-5.516662 6.641902
-2.660476 -0.307866
5.295542 -9.402831
4.228226 -10.736047
-2.14244 -1.856512
-8.524571 0.501147
-8.290646 2.661331
6.876213 0.560225
-1.679307 1.997477
8.05848 -8.86829
-7.404327 -5.458603
-0.076955 -3.919785
11.303842 -5.735462
12.283271 -1.265479
-0.917094 -3.694888
-8.664774 2.688601
-2.408746 1.115248
9.837258 -7.591023
4.093991 -2.918108
3.000856 7.694623
-5.724863 -7.788045
0.448949 -4.67796
1.20135 -4.301825
7.117384 0.731616
6.970109 -0.500975
-7.751617 5.146587
-5.552301 -7.606306
6.727323 1.033297
2.388123 -3.804348
-3.091546 -0.934827
-8.064837 -3.259334
-3.767644 7.74492
-8.510726 2.86006
-1.674354 8.317368
2.348622 8.121385
4.448481 6.510827
-5.306858 -7.989503
3.428454 -3.895946
-5.414231 -8.066218
3.680844 -3.697332
1.300499 8.515654
-5.046412 6.914508
0.578443 -10.634699
11.226454 -4.34175
6.462418 3.774254
-7.999484 4.488992
5.225243 5.52121
-1.335299 1.970943
-8.281165 2.083589
-5.654191 -7.471434
-6.905936 -6.328337
0.26728 -3.76402
6.523666 3.609561
-5.510614 6.08415
-6.821519 -7.23159
-2.27561 -2.37645
6.535028 4.412768
-6.771729 5.373927
1.365463 8.081768
-1.894036 1.429287
4.831346 -9.582033
-2.57116 -0.342217
-8.047256 2.304619
-7.02072 -5.665513
-2.293018 1.802605
-0.006215 -3.806879
-6.298233 -7.357596
-8.184921 3.263657
-1.109199 2.235793
-8.615905 -3.821556
-9.023158 1.211041
-2.541064 0.825646
5.317031 -2.614494
-2.750948 7.702618
-0.41495 -9.850798
0.979239 -3.928708
-0.62594 8.896392
-8.752788 -3.089436
6.586371 0.817095
3.796331 6.868317
-0.154238 -3.933339
0.227324 -10.593966
-9.365402 -1.324017
-8.915951 -0.473295
5.269459 -1.975869
-1.069202 2.549062
2.84129 7.214232
-1.3032 2.267444
-1.13588 8.089571
5.777231 -2.153632
-2.769239 -1.830403
-8.481818 -3.204154
3.954574 -10.635634
-8.542799 3.602409
2.776959 -10.313494
-5.018829 -7.784603
-1.622821 -2.429354
-6.81068 -6.122634
6.579146 -0.492777
1.77316 -10.475921
8.80174 -7.600132
1.966192 -10.909903
-4.622952 -8.810067
-1.29456 -9.690917
0.102228 -4.524114
5.986718 -9.65944
6.070234 -1.903764
6.425001 2.689999
1.113705 -10.413211
-8.994298 1.559062
-0.982684 -3.657385
6.434903 1.614843
3.832486 -3.817869
5.56956 -2.157095
-6.052849 6.03121
0.409515 -4.242357
12.823314 -2.513722
-7.401119 4.092357
0.253911 8.012571
5.906891 -0.961665
3.15151 -4.485819
-4.394139 -8.760784
-7.194399 5.193099
-1.410958 -3.347005
-0.204771 -4.462354
-0.137158 -3.545453
-8.716516 0.572898
5.717132 -9.402881
6.681042 4.296505
-1.12072 2.092268
-8.816852 2.48028
6.04965 5.09473
-0.171179 -4.485114
0.448081 8.782232
5.121614 5.88703
3.042542 -10.26865
6.42803 3.208526
7.01208 0.888873
-2.085153 -10.416546
1.024981 7.687078
1.480429 8.407472
-2.646037 1.633613
1.3491 -10.177333
2.146515 7.901694
3.490345 7.132275
-8.896389 1.422054
-1.105262 -9.833708
7.071826 2.198285
1.456543 -10.227691
0.761674 -10.852122
5.42613 -2.482201
-2.488143 -1.071606
-8.864461 1.200095
-4.594266 6.686
-1.510857 -10.556949
-5.725692 -7.88519
6.770123 3.411895
-2.51491 -9.768813
-7.826625 -4.666253
0.001099 -4.194991
3.096203 -9.997252
6.653803 2.530057
-8.426146 3.258767
-5.629315 6.374023
2.98963 -4.393744
-2.970686 0.804328
0.43165 -3.760515
6.986302 -0.776735
-0.556505 8.017488
-0.947733 -10.626521
4.69148 -2.804441
-1.923989 -2.459325
6.49126 1.019833
4.913637 -2.418924
1.077361 -4.369022
-4.517218 -8.870063
-6.626285 5.439571
-1.977071 8.023654
3.951354 6.764525
-3.682302 -8.833765
3.746783 7.582683
-1.984354 -2.699349
-7.775447 2.92035
5.196156 -2.143778
6.320123 0.547728
-6.150236 6.986198
-7.542146 4.481023
6.624686 1.035471
6.087746 -0.849428
6.865651 -9.668198
-5.336513 -8.51062
13.45331 0.078644
-0.717119 -3.795274
-8.451936 -3.826546
-3.687546 7.650043
-7.651412 -5.93779
6.594046 3.650354
-0.271124 -3.729107
-2.44063 -0.333717
2.350903 7.702675
-2.824122 -1.486325
10.385878 -6.517506
-8.666561 -4.097856
13.269176 0.123826
-8.720652 2.128157
1.975556 -4.190336
3.48937 7.816385
-2.747572 -0.57689
0.285291 8.73812
-2.294246 0.471962
-0.755481 -10.419262
-8.183031 2.381733
6.558633 2.918174
-8.96869 0.947531
-1.804058 1.172855
-5.668179 -7.566674
-7.735661 -5.00462
12.30359 -3.538893
6.546619 -1.282931
6.668721 0.814531
3.385687 -10.082358
-1.091158 2.533336
3.494282 -10.038257
5.438967 6.456382
6.770564 -1.211054
5.934073 -2.650145
1.460345 -10.076677
5.954108 3.592176
6.078655 -0.807873
-1.483792 2.565686
-8.534574 -3.451448
-7.624559 -5.39517
-6.482188 -7.33043
-1.713113 1.201001
-6.216636 5.975459
0.135514 8.530519
-6.655717 -5.900738
5.746238 -1.308146
-0.633503 8.318547
6.048744 4.045745
-1.983693 0.997757
-7.598545 -4.907461
9.581943 -7.544288
0.307501 -4.269116
7.262217 0.684739
-2.793454 -1.447271
10.767378 -5.80185
12.108301 -2.325661
-6.965094 5.337362
-3.655986 7.90817
-7.229806 5.35641
6.635583 -0.298383
1.470732 -3.885197
-2.754106 -9.825089
8.927251 -8.583372
5.919929 5.269003
6.020441 3.958712
-4.612663 -8.669346
7.1872 1.283613
6.744167 -9.450085
-0.173398 -4.34442
0.243634 -4.292221
-2.402305 1.594924
-2.833232 -2.026426
-5.53152 6.534881
1.268887 8.444711
2.46448 -10.236328
4.057594 6.450685
-3.166282 -0.069751
7.498732 -8.385079
5.01358 -10.510258
5.941648 -2.54742
-1.622401 1.527336
-2.328465 0.369399
-5.40617 -7.737868
5.898024 4.848235
-2.224813 -2.466433
-1.959149 1.390388
3.074354 7.185699
-6.122407 -6.886042
5.974432 4.120062
-2.398462 1.977048
-7.417823 -5.94552
2.283757 -3.7993
-4.780828 -7.865214
4.122974 7.050753
-7.510043 4.558803
10.145209 -6.756226
11.794823 -3.00312
-3.817711 7.814339
1.931053 -4.74784
-1.543305 1.773218
-4.748904 7.225732
-7.535838 -5.882342
-1.774799 1.775257
-6.957662 5.003772
-0.970416 -3.532587
-2.341654 -2.25963
4.309 6.468312
2.60512 7.982077
2.913789 -4.079417
-4.098426 7.377937
4.057008 7.423001
-4.110214 -8.660268
-3.143219 -1.816005
-1.533305 -9.714007
-7.955039 -5.018101
-0.558378 8.124265
3.007343 -3.852069
-8.270776 -3.673121
4.674474 6.692779
2.337208 7.768327
2.066904 -4.592353
-2.882893 0.763425
-1.259899 -3.106672
3.625611 -3.223533
6.092547 -1.254633
-2.611406 -2.192396
-7.44234 4.294159
-4.847641 -8.503821
2.089713 8.227612
4.386893 -3.55616
-0.643173 -4.080709
2.1619 -3.706945
-0.684021 -3.471087
-8.01063 2.553919
8.032257 -7.966173
-2.407254 -2.00877
-9.41649 -1.426529
12.284922 -2.891584
-2.95595 0.244735
3.678996 -3.336806
2.812528 7.759332
5.747346 -2.70156
-6.682998 5.040854
-1.165514 -3.279634
5.838486 6.173987
1.626528 -10.825226
-8.592507 2.847845
-2.777012 0.58302
6.28393 3.137212
3.975538 -10.594895
6.116097 3.579221
-0.806923 -3.858359
5.453195 6.224646
-2.693337 -0.512175
-1.934628 1.263989
-1.205366 2.526697
-1.491755 2.268047
-3.058255 -8.886325
-4.726728 -8.360087
-7.409352 -6.133269
2.215515 8.453285
5.145461 -3.329834
-8.894985 -0.186027
0.201138 -3.975433
1.910825 7.652803
-6.007222 6.890964
10.469476 -5.456886
-2.876956 0.986677
-3.944087 -9.528855
5.885632 4.053538
4.690994 -3.898907
-2.152601 0.679103
6.594317 4.32204
10.700162 -5.645907
1.307327 7.826455
-0.47757 -4.111307
1.545899 -4.744798
-1.978327 1.645614
4.2069 7.231933
3.404749 -4.137503
6.986745 -0.572499
-2.707706 1.109099
12.69683 0.273742
-6.059082 6.328826
12.692002 -2.029238
11.068499 -5.107875
3.461876 -3.800416
-2.562759 0.887217
-2.944671 -1.100146
-9.080242 1.872844
4.792688 -3.501861
2.662294 -4.719229
-1.025908 2.546925
-1.767516 7.914506
6.665536 3.963078
3.465765 -10.497034
-7.127443 -5.822121
11.586865 -4.315271
-5.056722 -7.586626
-7.548141 -5.784211
-6.548458 5.736304
-7.624328 -4.850704
8.785502 -7.908082
2.537699 -10.063841
-4.348574 7.462624
-7.769172 -4.783112
1.570962 -4.541722
1.789519 8.238393
-2.400888 -2.452486
-2.544535 -10.209046
-1.137995 -10.616039
-7.744951 -5.262159
-2.860838 -1.639673
2.744841 7.531781
4.850169 -10.279156
-1.001084 2.364943
12.863183 -1.554197
12.206903 -1.459574
-9.119462 -3.022492
2.798182 -4.151398
-1.389011 -3.737661
6.227395 3.327733
-4.738802 -8.671615
-2.426159 -10.055645
3.229335 -10.533556
-1.09897 -4.188347
6.531407 1.548934
3.795967 -3.503029
-2.229591 -1.547036
-2.902338 -9.710181
1.730782 -4.467528
5.772444 -9.756369
6.246612 -9.278159
-3.06753 -1.266729
-2.981437 0.276703
3.031362 7.095258
-5.899299 -7.910363
-4.380064 7.839975
6.818699 3.986609
6.684896 -0.067736
-1.893013 -10.036892
-1.922851 1.924074
6.158409 -1.435868
-0.479217 -10.794899
8.799027 -7.924099
-2.317512 -0.243913
11.984916 -2.858174
8.913051 -7.868892
8.489482 -7.761906
-8.622436 -1.911321
2.046272 -4.015874
-8.297017 -2.97802
0.228015 -3.961201
3.259599 7.593131
7.119627 1.208106
4.54374 -10.160515
5.942334 -1.26384
-8.170481 -3.207283
-2.937981 -2.216705
-1.040774 -2.923038
-2.679214 -2.306367
-7.665541 4.922893
-1.257422 -3.12594
-8.898817 -3.66933
-2.811417 0.751709
-2.880223 0.024011
-1.921597 -10.00706
-8.105892 -4.093074
4.874681 5.990439
6.644124 1.290243
0.166849 -3.97098
-3.225305 -0.669059
12.967934 -0.168692
-2.145522 -10.00318
10.622964 -6.363758
-9.135447 -2.371023
-7.358043 4.357897
10.529404 -6.630934
4.456237 7.188543
4.930211 -9.887985
-3.348372 8.227729
-7.047026 5.169269
-1.019305 2.307073
-4.063644 -8.79937
-2.68432 -9.741917
6.933013 1.996182
-4.184214 -9.2419
3.811147 7.251169
-2.639463 -0.34809
-7.89096 3.883517
3.584506 7.744694
-8.293825 -2.480793
-8.521482 2.339171
-7.428937 -5.363158
-2.847738 -1.212202
6.2505 5.123047
6.591896 2.482776
6.901033 0.423828
12.655512 -2.228249
0.956452 -4.143167
-3.152833 -1.001011
-9.030907 -2.946119
3.121908 6.965907
6.508998 -0.974986
6.261086 -1.09915
3.609531 7.318507
-7.615267 -5.539211
6.77706 0.336016
-6.864137 5.766596
-5.738744 -6.98143
-2.386527 0.355073
-1.482262 2.369544
-1.762921 1.550286
-3.19819 -0.118168
6.383272 -1.05178
3.189584 -4.214833
9.978154 -5.955743
-2.376483 -2.086113
-3.570262 7.58215
1.711561 -4.008791
2.288126 -3.815631
-2.272753 -2.275608
-7.031789 5.103964
-1.075469 8.878889
2.296567 -3.911564
-1.750307 -2.473282
-8.358557 3.21011
-1.629517 8.124791
-2.18392 -9.933828
2.562677 7.941094
0.719029 -10.952358
-4.327844 -9.502035
-4.557043 7.430256
2.626253 -4.133289
-1.053394 1.855844
-9.387507 -1.67464
1.812789 7.845936
-7.747447 5.241098
-3.736409 -8.774462
-7.306153 5.517508
-7.553112 -6.397445
3.433804 7.042423
-0.814784 7.991998
3.4403 7.33199
-1.157044 -3.784582
0.127131 -4.230432
-5.783068 -7.604778
-2.224836 -2.83892
-0.73242 8.722201
4.976197 -3.313493
-1.727919 -2.291261
-8.607601 -0.257773
-0.632438 -3.332823
-1.333422 2.035577
-2.739282 1.050801
12.626992 -0.065646
5.058424 -9.433346
-6.178351 5.932285
0.971787 8.142111
-3.519058 7.21601
5.833933 4.693289
-2.931311 -1.949156
5.512909 -2.464304
-2.354057 -2.085707
6.513913 2.204315
-0.523983 -3.971004
-1.482844 1.690383
-0.694237 -10.823689
-5.845126 6.209228
-0.221959 -3.639107
-8.323289 -4.196027
12.581142 -3.555747
-7.533325 4.625991
12.671403 -2.399468
5.807582 -2.926267
-2.025164 2.27267
-0.253231 -10.319588
-1.993597 -2.902188
0.701277 -3.996603
12.928944 -2.070633
4.270601 -3.362597
-5.798164 6.173459
-1.829405 1.23737
12.996053 -1.211128
-5.882697 6.318769
-2.798938 -1.097479
6.846789 -9.115388
-8.338481 3.786487
-2.496381 -0.721892
6.524241 -9.447916
4.668233 -3.471399
3.104073 7.563113
-6.191671 5.894629
-2.298993 1.036258
5.735194 5.217933
6.723765 -0.021771
0.033041 8.299702
3.742243 7.22714
-8.890647 1.316893
-5.056974 6.846662
-5.83309 5.834795
6.628314 1.224815
0.885736 8.041374
-5.520057 -8.095075
-2.286917 1.228649
4.917909 5.725045
4.988499 5.735771
-8.264509 -3.610389
-8.117044 -4.68302
-8.779768 -1.929984
7.243186 1.901658
11.423152 -4.744086
-7.938121 3.137345
4.912684 -10.566968
-0.555339 -3.99463
-2.360998 -2.819802
7.50995 -8.922172
-2.058436 -10.058754
-1.78783 -3.260014
12.645738 -1.193245
7.955544 -8.913428
6.607715 -1.170301
-4.099797 7.296926
3.078891 -4.167879
12.699046 -2.717302
-0.7047 -3.128685
-3.18101 -8.935213
-2.519403 -1.640799
10.161357 -6.18363
-2.522146 -0.696605
-3.369893 -9.211253
-0.87162 -3.823328
-1.031862 2.345898
3.005138 7.65746
4.304796 -3.614273
-8.537368 0.819977
7.469034 -8.925704
6.449297 3.854482
11.679833 -4.207075
13.12195 -0.378397
-5.553219 7.274798
-1.788264 -3.275379
-8.470802 -3.878434
5.287103 5.231449
-6.974092 -5.823327
6.658851 0.255498
10.071647 -6.99727
12.786178 -1.766817
6.998918 0.194246
2.792595 -10.4666
12.546298 0.061056
9.156841 -7.71614
5.746175 -2.153903
-1.862276 -10.207876
-7.429744 -6.33593
0.105365 8.344311
-1.053504 -2.792874
6.504717 -1.309627
1.961231 -10.212203
-2.205255 -1.868747
6.546559 4.340148
1.179223 -10.430732
-1.923725 8.545152
-0.326038 -4.341383
-7.70171 4.411223
-0.883119 -3.035392
-5.880503 -7.991624
3.539534 7.105984
6.406824 -9.260651
3.867212 7.429034
-1.443604 1.771637
-7.475087 -5.068521
12.393487 -1.472265
6.565185 2.769629
3.916315 7.235146
-7.881594 -4.447922
-2.1239 8.315713
-2.58309 -1.117061
-2.147426 -2.784252
12.506788 -0.251128
13.009596 0.463095
11.347139 -4.308557
5.897709 -9.538329
1.387493 8.673198
-6.265436 6.506145
-6.015735 -7.498181
-1.628094 -2.697818
-5.695637 7.379371
0.53873 -3.830567
-2.797653 0.367582
0.097718 8.001998
-2.152631 -9.440245
-2.147852 1.73758
-6.897899 6.056037
-2.665694 -0.399589
-6.97797 -7.011999
11.275857 -4.800585
3.142328 -4.596536
-2.526633 0.898271
-0.095414 8.827972
-2.05291 -9.873473
1.690927 -4.229856
0.205677 8.31954
11.092452 -4.349452
-0.266581 7.987494
0.738182 -3.970939
-9.177618 -0.242494
-2.046361 0.989926
-3.185349 7.927469
-4.677165 7.056502
-7.709102 4.062493
-8.952618 1.664881
5.037926 -10.533933
-1.37108 -3.118139
-1.945016 1.959952
5.060054 -9.801457
6.444793 3.974058
-2.96952 -0.64256
1.165346 -4.278497
-8.043685 4.051069
9.293494 -7.580558
-7.834644 -5.607614
-4.842597 -8.974527
6.291763 -1.469127
-9.140179 1.337754
6.968466 -9.053762
12.206219 -2.821751
9.767807 -6.955753
2.750081 -3.867769
-1.978806 -10.115858
-3.057081 -0.32541
5.284587 -2.785712
-5.797488 -7.95664
-8.551536 -1.528435
-7.989307 3.648232
-4.065323 7.278001
6.958021 0.145218
1.329776 -4.348489
6.500262 2.437901
-4.839465 6.970115
-5.151147 -8.607727
-5.131887 -9.028721
-2.697255 8.283115
-8.908553 0.141093
-2.030823 1.458546
-6.598151 -6.337884
-3.297997 -9.585045
-1.534544 1.7413
-8.625239 -2.963412
-4.134982 -9.021092
6.697155 0.146541
-2.311329 0.920467
4.698917 -3.543583
-1.508251 -3.325903
-5.640558 -8.646846
-2.182355 -2.770502
5.157024 -9.597119
-5.64523 6.481986
5.13552 -9.349411
6.058251 4.24472
-8.225922 1.963117
-6.197124 6.076447
6.5946 2.412858
-2.331196 1.40364
2.973829 -4.142075
-2.389174 0.048898
13.14129 -0.589579
-2.02439 -1.906703
1.392846 -4.634446
1.204781 -4.634805
1.425552 7.704235
12.681648 -3.03472
-1.328391 1.710457
4.875336 -3.141826
-2.566927 0.278882
7.219444 -8.971466
5.831677 -2.12178
2.829208 7.068613
-1.542683 -10.595447
12.342629 -1.049236
3.136512 -9.932016
4.630592 6.579391
-2.982167 0.524913
-9.113499 -2.211051
-1.549602 -10.507317
6.794808 1.149217
-3.016967 -0.679355
-2.542141 1.324157
3.710852 7.630721
-2.298131 -9.530672
-8.707088 -2.680843
-2.546449 1.561729
6.662575 4.514873
-5.699648 6.275157
-0.846765 -10.209948
-6.219784 -8.131598
4.40836 -3.009369
-2.244583 -1.839568
-8.201544 3.216561
-7.822253 4.678391
6.165417 3.502661
-3.16961 -9.211145
2.073611 -4.224965
3.570689 -3.634242
-8.399546 3.938888
-3.154738 0.264228
-2.938842 -0.767226
9.736835 -7.171068
3.048653 -10.032292
-5.399717 -7.759136
6.470643 -1.644798
-1.716179 1.863725
-1.137738 -3.692875
12.054882 -2.990187
5.049584 6.023811
-4.112183 7.480237
11.142622 -5.437554
-0.136523 -4.252045
-1.812461 -3.329551
0.098697 -4.072653
4.389355 -3.681189
0.033521 -3.971427
6.506516 1.351259
4.830949 -2.520489
12.736434 -0.930572
4.552728 -3.055372
2.17771 -4.266594
2.437321 -10.366136
-5.113221 -8.249254
13.024813 -0.014101
12.770903 -0.714856
1.325632 -4.695816
11.524601 -3.692651
-3.256351 -1.085338
5.525373 -1.733663
6.027554 4.449216
0.782072 -3.809547
6.548479 4.229692
2.967276 7.574187
4.644414 -3.182204
-2.489211 -1.564157
-3.147228 7.776095
-4.983827 6.700272
5.956873 4.788488
-4.213286 7.244067
4.783754 6.044841
-1.683176 1.773989
-2.546137 -1.976632
-8.508093 -2.867045
0.480066 -4.139104
3.837692 -10.193393
3.414187 -4.227545
-0.902921 -3.310968
5.121541 -1.884632
-8.654042 -2.758305
-4.624854 -9.160313
-2.307905 1.373566
-5.767226 6.036427
11.295911 -4.944759
4.728818 5.527351
6.975887 0.663601
-7.822493 4.092398
6.562882 0.17063
-2.663889 8.580818
-2.448538 1.306402
-2.638229 0.788675
-6.683536 -6.098669
6.515736 4.013688
-0.794544 -3.839064
6.596089 -1.654201
-8.095549 -5.482006
6.623845 -1.566771
2.88162 -10.587622
4.781061 -9.578496
-2.531203 -0.788373
-5.83888 6.076509
-6.120891 -7.88095
-7.144305 -5.180411
4.272041 6.278043
-5.64426 6.684642
-9.040619 -0.615874
2.894644 7.256848
-1.641548 -10.523102
-4.56459 -8.535757
1.874785 -4.030604
-2.788218 -1.504007
-0.190875 -10.583578
-2.309697 7.809145
-6.266872 6.143994
-6.995677 -5.725121
-6.115249 6.339045
-5.181859 -8.157502
-2.719203 -0.772802
-0.108896 -10.019927
4.859477 5.592227
10.912036 -5.217372
4.653731 -2.878824
-5.613324 -8.354349
13.312158 -1.156941
-8.700558 -0.053454
6.618095 4.759973
-9.097222 1.350452
-4.96016 6.67874
-1.400148 2.049575
-8.142627 -5.427233
1.546499 -4.317706
-0.283917 -4.097119
-2.832851 -1.695312
-1.824303 -3.025544
5.050262 5.826016
-2.388012 -1.441585
-5.545683 6.07792
0.845295 -4.585409
-2.787615 -1.082147
-1.300876 -3.366283
-2.828178 0.093402
10.537819 -6.760401
-2.007969 0.543277
-5.808646 -8.088131
-0.495009 -10.216419
-2.464329 -2.56154
-0.295158 -10.112588
6.060524 -2.41226
4.957003 -9.600207
-0.169723 8.819805
6.350205 2.949566
-8.630708 -0.884279
2.928046 -10.674867
2.956878 -10.320913
0.527401 -4.180753
-2.185059 2.05066
-2.35131 -1.542637
-2.699065 -1.523107
7.314359 0.853531
-8.675232 -4.045075
-2.221076 -2.032842
6.186978 -9.633703
6.851076 0.448284
-1.768861 8.352269
7.330705 1.36718
6.146312 4.004664
-1.750609 -2.70187
-2.364385 -2.290456
-4.51008 8.056193
4.410541 6.32938
-9.207918 1.407253
-3.271287 -9.435336
0.124742 -10.937213
1.66077 8.032633
-6.718809 -6.306076
6.50924 -9.333212
-8.198643 3.590459
6.017194 5.419452
-8.725513 3.518049
-8.61464 3.15454
-0.33841 8.342316
3.329496 7.038159
-7.881508 4.28871
-0.426316 8.385922
-9.143661 -0.311046
-3.683098 7.600454
-5.917022 -8.151966
-2.052416 0.643835
4.853467 -10.30609
-3.21464 -9.527439
-2.700999 0.504697
-1.110919 -3.504172
-7.153416 -7.177495
2.824428 7.6157
2.743136 -10.038598
1.564642 -10.808154
-2.929496 -1.396378
6.81688 0.652956
2.325398 -10.682885
-1.087432 1.489973
-2.224267 0.344373
-7.497243 4.042017
1.212721 -4.039373
6.163368 -2.263502
-9.227212 0.403347
5.032182 -2.286689
-8.337421 -4.117226
11.672775 -4.597822
-8.759908 -3.639712
1.711112 -4.677057
1.416625 -3.850601
-3.169417 -1.114686
-1.124137 2.406182
-6.12821 -7.398289
12.636492 -1.367207
-2.172608 -1.767171
-0.096262 -10.502651
5.712469 -1.563221
-2.607519 -0.116555
-5.357799 6.948996
6.345216 4.214341
6.739671 2.146125
4.047999 6.237682
2.07671 -4.56944
-1.89497 8.818666
7.335303 1.770692
2.718647 7.833893
-1.646028 2.182039
-2.400503 -2.271496
-3.039646 -0.343825
-1.258551 -3.742339
6.449161 -1.137477
-8.019612 -4.579687
-1.910023 1.374512
6.409396 -0.377676
0.74053 -10.24216
-6.527633 -7.221443
-2.38048 -0.704787
8.808596 -8.210816
10.847841 -4.483937
-1.644904 1.094527
-2.38034 -1.951251
4.654066 6.494561
-1.482299 2.310807
-2.96728 -9.503083
1.610046 7.770447
-8.808024 0.664601
-1.26301 2.290416
-7.515333 5.452863
-2.703549 1.477285
6.640494 -1.138459
-8.689392 2.118647
-2.307825 -2.925762
-8.671393 0.518611
6.803177 3.390154
3.594153 -3.470094
1.262606 8.485013
-6.789756 5.20942
-5.74667 7.175958
6.177618 -2.031782
-2.554737 -9.739007
-8.796789 -1.210823
2.121046 -10.774604
-2.018873 8.491423
-1.116296 1.825051
-2.181591 8.678515
-8.734454 2.37608
3.445859 -3.971854
12.47907 -3.625919
-2.708884 -9.978845
6.499425 1.86927
-2.491668 -1.712668
-8.913795 -0.710633
2.797596 7.33575
6.831077 2.13331
-2.240256 -2.750661
2.862061 -10.700578
-7.232317 4.430003
6.497461 3.854141
9.602368 -7.223987
-5.779923 6.656773
-2.528118 -0.989221
0.732725 -4.734383
5.975932 -1.283131
-9.241006 0.183988
-9.277449 -2.029267
-2.117182 -2.725362
-4.073309 7.029269
-9.246554 0.880557
-1.919154 -3.220245
3.183202 -10.236688
-1.902126 1.419172
1.499578 -4.380578
11.39921 -5.175427
0.070517 -4.128948
5.562425 -9.962606
-2.094872 1.737063
-2.722442 8.561409
1.857717 -4.268602
0.846091 8.626131
-2.552717 -0.205023
10.701716 -5.248242
-2.039444 -2.408393
8.684843 -8.438972
-2.887462 -10.130981
5.576185 4.815557
-3.13962 7.704341
-2.64862 -9.744544
-9.213692 -1.467804
4.878713 5.987872
-0.514186 -3.998307
-2.622919 -1.334003
-6.292373 5.747664
2.527341 -3.722317
-9.332788 -0.686221
-2.708491 -9.140644
-2.701708 -9.935223
-8.814255 -2.057036
-6.090713 6.235124
4.95427 -9.575144
-0.392733 8.189048
0.504864 -4.057821
-5.156017 -8.402054
7.247844 2.131242
-1.550753 1.825745
-8.373731 -2.299681
2.468209 -10.318662
-2.471722 0.20165
11.877269 -4.269354
-2.280288 -1.003414
4.72617 -3.193015
3.958066 -10.186313
5.656111 5.287641
-2.648932 -2.311433
-1.606042 -2.175589
5.79519 -2.277665
6.654184 1.970818
3.627613 -3.74773
2.348764 -4.188004
-8.637211 -0.150578
0.274 -4.195938
-7.355638 4.486918
10.408204 -6.063606
-9.284667 1.360755
5.183846 -9.697816
5.793542 4.62098
-1.790144 -9.519768
-1.273738 -3.905685
-2.376939 -0.348474
-0.243437 -4.305261
-8.618762 -2.006777
-3.232179 8.115511
5.375349 5.489257
3.209576 7.181078
11.278633 -4.959566
0.616694 8.699927
-8.691249 0.670475
2.608805 7.230599
-5.627231 -8.668576
11.744788 -3.384541
-0.615712 -3.854942
6.228274 0.380175
4.194036 -3.253019
6.464052 2.394828
6.879358 -9.055995
2.910673 7.254134
-1.754297 2.02065
6.659109 4.100074
-6.942366 -6.341889
-2.750643 -9.790597
-2.370687 1.341212
-1.576947 1.424687
7.002944 -0.395433
-6.160467 6.457819
-7.600625 -5.99492
-0.48455 -3.859061
1.552144 -4.68343
-6.756024 6.266034
1.223289 -4.054819
-2.677234 0.826096
-2.1021 -3.116355
-8.802508 -3.335114
-8.337976 -3.364492
-7.620039 4.284111
-1.460433 1.477652
-2.299635 -2.349305
6.267576 2.985794
3.414579 7.152746
-7.685447 -5.205651
6.790821 1.064041
-6.406716 5.997598
6.108633 -1.260418
-4.606486 7.365147
2.760371 -4.348025
0.574776 7.941867
6.953215 -9.707403
-0.862747 8.103976
8.223549 -8.304405
3.281292 7.165205
-1.38907 -3.291937
-4.493471 7.385734
5.416848 4.940505
-7.710147 4.18777
4.794703 5.974958
-1.644111 -3.034887
10.779512 -5.799985
-1.506184 2.02012
2.148466 8.185681
-8.81613 2.581761
1.454175 -3.937193
-8.905969 -3.402559
-2.27998 -1.021468
-2.672065 -0.907392
-2.195773 8.616516
-2.376099 1.201754
1.251812 8.364903
3.940631 -10.233167
3.819894 6.900643
4.266709 -10.687913
2.269332 -10.142175
-2.412324 -10.038119
5.81029 -1.943892
9.109365 -7.389766
-7.054225 -6.826663
-8.788668 0.849354
5.64366 -1.20893
-2.456203 -1.851469
0.609041 -10.06804
1.325356 -4.289164
-2.37267 -0.876213
3.609988 -3.653484
7.654183 -9.317419
-2.869383 8.199865
-2.892843 8.050714
10.406024 -5.354464
-3.128357 -1.009409
6.637133 -1.881678
1.082924 -4.464184
-1.438526 2.550853
-0.906409 -3.63106
3.642401 -10.378191
-1.39735 1.579793
-1.849967 -2.785506
3.785715 -4.115446
-2.044971 1.878244
-2.839217 0.44396
-2.170491 1.559712
-1.035456 -3.847307
-2.883092 -0.265688
1.704248 7.566269
-2.563811 -10.186212
-7.640755 -5.030896
7.167855 -9.30068
5.301348 -2.205016
5.711469 4.087749
-4.987954 6.946996
-5.810223 6.179645
6.30133 -1.914825
-7.296491 4.091561
-8.915607 -2.898539
5.04034 -9.601693
-1.606412 2.046954
-6.332077 5.416011
-2.033053 -2.381389
9.872607 -6.704594
0.967764 7.9544
1.010817 -10.060686
-8.991921 -2.332639
-4.239439 -9.030333
-2.774171 0.463579
-1.058614 1.865543
-4.67654 7.541123
-5.23032 -7.981815
12.634696 -2.353844
-9.396508 0.558743
-1.853662 8.003229
6.532008 3.669808
-1.503804 2.075227
-9.340158 -1.567344
12.657465 -1.990455
1.626439 7.792298
-7.045967 -5.511594
11.252466 -6.086238
-2.550151 -0.37704
-6.344508 -6.284601
5.776427 -1.531292
6.538864 0.487979
2.261505 -4.606172
-2.984488 0.324603
-7.822959 -4.37058
-3.984015 7.081617
1.380977 -4.166411
-0.935435 -9.764203
1.697103 8.052996
1.070863 7.95032
-1.414649 -10.070468
6.472328 -0.165828
-2.500372 -2.702077
-9.064254 1.885903
11.657145 -5.011197
0.382361 -4.690271
-0.232533 8.692973
0.125592 -4.421544
-6.981623 6.046766
-2.451012 -2.678695
6.689527 3.405314
2.865146 -4.097632
-1.624298 -9.805333
-6.443107 6.288052
0.07456 -10.450091
5.671665 -2.382576
6.494519 2.348961
-8.697836 -1.394909
12.475317 -1.656365
6.510804 -1.202884
-4.443395 7.265646
-0.697743 -3.28924
-8.175956 -4.644003
4.638908 -3.865895
-8.931794 -0.152142
6.373335 2.51856
6.2586 -0.461783
-3.294648 -9.844506
5.36528 -2.782424
0.027551 -4.236043
-0.803651 -3.620773
-3.915331 -8.928346
-1.849222 1.44844
11.851658 -4.004746
0.261362 7.992846
-2.561624 0.096391
-2.413458 -1.82844
5.945716 -1.694317
-2.453019 1.500424
-2.299792 -2.603981
-2.009781 -3.084085
-2.133728 -2.26116
-7.943113 4.116464
-2.215808 -3.070838
1.806973 8.479669
0.789997 -10.100778
6.375411 2.195345
-8.752544 1.875341
4.96195 -2.379028
-1.436013 -2.719983
-8.389883 0.934318
3.623516 7.130925
-7.568531 -5.978842
2.759003 -3.992829
-5.653204 -8.279665
-1.793661 -10.009415
3.124409 -3.858585
2.177812 -4.151764
8.960011 -7.452275
5.851665 -9.991745
-1.344397 8.056135
-8.48751 -4.224096
-1.683802 -3.144295
-6.559083 5.846694
-8.193155 -2.664441
3.324008 -10.648568
9.820372 -6.756117
-1.70062 1.748822
6.853761 3.022629
-7.759995 3.376896
5.556455 -9.219875
-1.348954 2.485441
-2.597788 -2.088017
7.164436 -9.128987
5.069537 6.208295
5.842388 -0.743715
-0.920104 -4.046227
5.147616 -9.85756
-3.388112 -9.569269
-1.196233 1.791349
7.192315 0.281153
-3.117823 -0.140741
-8.655012 -2.503224
-2.469967 -10.05965
1.446455 -4.462011
-0.18268 -4.249801
-2.080976 1.177022
11.219989 -4.165515
-4.582346 7.308319
-3.229622 7.843472
12.584852 -3.575534
-6.673391 -6.487937
4.236495 6.368843
-8.892123 -1.230591
-7.280602 4.017964
-2.514278 -0.020607
-1.995918 -3.03476
6.58474 3.576519
2.302085 -4.156164
0.879307 -4.406704
9.367493 -7.938664
-8.488228 -0.534408
4.512525 -3.109887
6.924484 3.509065
0.953646 -4.464779
7.009576 2.699693
11.819874 -4.24141
2.754787 -10.559516
3.109509 -4.36907
-2.969577 -1.584761
6.310416 4.926
-2.371438 -1.079806
-2.427047 -3.002485
8.280213 -8.179486
-0.252782 -3.522767
-2.309565 8.176873
-2.039752 1.569528
-1.241324 8.535526
4.499151 -2.785788
1.715335 -4.558636
-6.065006 5.758947
-8.445562 0.128699
-2.18849 -2.168404
-6.971961 -7.315114
-1.539346 2.234292
-2.803298 -9.805616
4.335921 7.118659
-2.291608 -1.026548
-2.825217 -0.335777
-4.309209 -9.201652
9.294196 -7.865708
-2.777194 0.218302
-2.945284 1.123372
4.582693 -10.476497
-2.450257 1.175064
3.322622 -10.45557
-0.001465 -3.715334
6.562071 0.263263
-2.206289 -1.374734
1.772446 -10.66604
-1.947068 2.059868
6.724542 2.369901
-2.286065 -2.332044
-2.407648 -2.481841
-9.213533 -0.253422
-2.534511 -0.268409
6.906485 2.4057
-2.82073 -0.960492
6.189672 -1.416041
-6.745759 -6.375838
4.523104 -3.331168
5.121855 5.396639
5.058961 -3.604986
-2.382492 -0.60457
-1.507609 -3.029349
6.868366 1.602012
-7.654379 -6.306138
-4.957619 6.852336
1.751998 7.997605
-8.780873 -2.951956
8.353077 -8.415752
9.819574 -6.558051
-5.383901 6.812754
4.256049 6.256122
-5.374781 -8.74079
7.337871 -9.119475
7.285052 -8.610307
4.611951 -3.649613
4.43431 6.824451
4.478034 -9.80907
2.718878 7.772437
-1.735183 1.091782
-8.445427 3.027594
-8.148548 3.304329
5.83626 -9.407368
6.075521 -1.055965
1.935983 -4.664756
-1.56508 8.191668
6.119148 3.799631
-1.667938 -2.768598
-8.085216 -4.803248
6.460919 -1.102701
-2.059882 -2.492001
6.643116 -0.346671
-1.36228 -2.832251
6.58359 2.593733
-2.291398 0.835845
-8.569747 -4.024919
6.201994 -1.591697
3.017003 7.724208
-8.331272 -3.975931
-3.144458 -1.144271
-8.676206 -2.920189
-0.584579 -10.778704
-8.5074 -2.312944
3.73556 -3.510686
-5.093371 6.533799
6.807624 0.126446
-3.708223 -8.798127
-7.607387 -5.759632
8.980888 -7.325784
-0.655551 -3.828926
-8.19123 2.338872
3.450233 -10.414382
-8.958359 2.020387
5.934371 -1.959323
-8.150365 2.92435
-8.782682 0.512288
0.089557 -10.390613
7.033942 -9.052872
3.757897 -3.246183
-8.274978 3.25015
8.31578 -8.492436
-1.112472 -3.042359
-6.564906 5.16768
-2.550431 -2.398859
1.561374 -10.417954
-1.816001 -9.60101
3.222128 7.963566
-7.218844 5.526304
-3.167223 -0.916018
5.757416 -1.789549
-2.139743 8.372226
-1.402504 1.510115
-1.766204 2.23491
-1.386811 -3.508713
-1.361017 1.365192
-1.711459 1.719286
-1.281478 8.178498
4.597308 -3.970543
-1.259236 -2.591804
5.481016 -1.859855
3.260811 7.341571
5.436598 -2.473556
-5.393876 -8.203119
-3.818861 7.687789
-6.593016 -6.946739
5.67743 -9.449095
-1.927312 -2.714945
5.509499 -2.122124
0.809357 -10.31184
-3.063388 8.577015
4.586684 6.092891
6.666033 2.714445
-2.839508 0.547555
-4.736459 7.124493
-1.848132 8.199254
6.813409 0.315807
6.890365 3.471388
-4.083555 -8.779073
-1.888578 1.537485
3.934942 6.831423
5.17156 -9.757861
-1.765632 -2.598076
-1.372934 2.141316
4.983371 -2.242859
-1.308881 -3.876712
8.480954 -8.396388
11.463996 -3.85534
-3.015269 0.027813
3.205547 7.432624
-7.810561 3.51213
-3.233981 -0.358816
-7.337394 5.296315
-7.705271 -4.604843
0.104874 -4.009518
-0.298776 -10.858477
0.522279 -4.612045
-2.608428 0.474834
-4.490456 7.258711
2.43739 -10.666021
-1.320247 2.15439
-1.137173 -3.038242
3.026608 7.734173
8.313481 -8.46705
7.224074 2.258449
12.207286 -3.293211
4.879442 5.662677
6.875975 1.874029
-0.348656 -3.556745
-2.37015 -0.831056
6.322575 -0.395
11.165993 -5.19485
-2.181823 7.703682
11.579101 -4.45516
5.119789 -3.116995
-4.693511 6.559913
6.759562 4.573889
-9.023568 0.258705
-2.928605 -1.28927
-3.120681 -9.364056
8.403407 -8.34374
-3.016128 -0.099549
6.751845 -0.116416
12.926971 -1.947383
1.484761 8.462316
2.255015 8.045891
12.161671 -1.771928
-0.140786 8.103494
-3.404414 7.495791
-1.196575 2.737549
-3.010989 -9.64412
-4.020306 7.679412
-9.085639 -2.797439
-9.061975 -2.049948
6.221975 -1.368549
5.542917 -9.720628
-4.305915 -8.391483
3.476872 7.211328
-6.54057 6.09622
-5.718479 5.979449
4.511118 -9.866271
-8.451916 -3.905157
-8.949562 -1.762485
-2.57932 -1.660062
6.777875 4.185544
7.004919 1.080815
1.823149 -3.788755
-2.956333 -1.169094
-0.023803 -4.159661
-1.056627 -3.78011
3.052677 -4.012282
-4.102477 7.111507
-5.340803 -8.097938
-7.973278 4.226149
2.543843 -4.06161
1.385252 -4.545317
-3.469153 7.87407
-2.163896 0.897582
-2.605647 -0.007202
6.019284 4.316724
-1.154861 -9.951475
12.686197 -1.825677
-0.799444 -3.117154
-8.840013 0.33803
-9.031856 -1.492759
-1.559018 -2.758504
4.991702 5.935822
3.058922 -10.483636
6.106075 4.948095
4.944306 6.380143
-2.415358 1.107284
-2.341666 1.181536
3.592971 6.983355
5.299446 -2.430683
-4.057619 6.985112
-5.331939 6.709038
2.846427 -4.395012
1.467733 -4.398971
12.927105 -2.131319
-0.388896 8.68529
5.520798 6.305813
6.404214 -9.44479
6.896117 2.660175
-3.016623 0.476245
-1.968533 1.420115
10.773259 -5.808937
6.382638 2.143543
-2.688592 -2.259505
4.162366 -3.832593
-8.79312 1.392089
2.932454 -4.479296
7.176345 1.629038
-0.904785 -3.308803
2.366942 -10.638052
2.557349 -4.495251
-2.045452 1.931737
0.190886 8.32277
2.151415 -4.704879
-2.674203 -1.21418
1.602393 7.820654
-1.96478 8.051563
-2.808532 -0.807344
6.118487 -2.072213
3.102851 -3.888281
5.369193 5.723378
-2.568412 0.866138
-4.296106 7.863316
5.827574 -1.507321
2.373001 7.898596
-1.516029 1.661423
11.127893 -4.919214
-5.19904 6.715674
6.559502 3.971135
-2.466386 -1.232343
-2.229401 0.883519
6.802299 3.769768
11.978309 -3.650909
-6.123792 6.120686
-7.278048 4.233713
-2.503966 -9.675447
-7.875227 -4.212991
-1.743723 -2.958906
5.507545 -2.109955
-1.234263 2.150777
-1.763426 -2.925911
-2.497584 -1.553403
-3.637087 -8.868117
-2.095947 -1.801162
-1.158156 -10.255513
0.754808 -10.169936
-8.666679 1.103583
-8.700123 2.726894
6.893001 1.18381
-1.448496 -9.764951
6.172066 4.20158
-2.138306 -1.971321
5.997765 3.395218
7.0124 2.346023
12.307725 -3.004752
6.403721 4.450762
11.508257 -3.489777
-8.125187 -5.683556
-3.14134 8.500375
-7.448829 -6.230266
8.107369 -8.174216
4.780788 -3.677058
0.874921 -3.93914
6.149395 -0.623868
-7.441072 3.765851
-7.201727 -5.620174
-8.699867 1.841917
3.912803 -3.67691
-2.895676 7.642723
-2.830361 -0.41396
-9.263389 1.037457
6.552486 3.151218
-2.396661 -1.163812
-3.14674 -0.474043
6.293246 -0.163307
-8.764664 3.055635
-0.187128 -4.06975
-6.468001 -7.129475
5.991985 4.125301
-8.479426 -2.842318
-4.985117 -7.767139
6.789466 1.325188
-9.051696 -0.700492
2.418743 7.222796
5.88344 4.811754
-9.043673 -1.850799
2.35148 -10.465103
-3.983635 -9.245047
6.218559 -1.846888
6.145149 3.057115
4.141043 6.50267
0.187726 -10.130285
4.719226 -2.816549
6.159565 4.625489
10.269962 -6.288949
5.719018 -2.013914
-1.298187 1.798291
6.199836 -1.85548
-2.415481 -2.952981
-0.521509 -3.936961
-1.834838 2.524778
-8.430236 2.865193
-2.690378 7.884428
-7.626204 3.973598
-0.326414 8.126428
-7.977362 -5.824769
0.441494 -4.765456
4.163723 -3.946867
10.910219 -5.599837
-2.373623 -2.360963
4.475474 6.572814
5.193768 -9.404416
-5.743235 6.429044
-1.78996 -10.106923
2.670433 -4.224388
-7.51638 -6.066146
6.1833 3.552156
4.723587 -3.332255
-2.521092 -0.988567
-6.016262 6.880387
4.892923 -2.620785
4.007187 -10.631765
-8.515243 -2.198817
6.837509 -0.310078
-1.214599 2.250469
-6.446788 -7.101685
-2.569524 1.221825
-2.462372 -1.569877
-7.993273 4.146271
4.801471 6.260889
-1.328118 1.472098
-5.428671 6.718978
1.351789 -4.303591
0.744132 8.218492
1.72984 8.438622
2.729282 -4.063306
13.222566 -1.137981
2.90047 7.169655
6.815047 -8.947724
-7.003723 -6.747148
-2.343971 0.430237
12.061486 -3.574631
3.0158 -4.457294
-1.121883 -10.324991
6.295858 3.796959
-7.623892 3.736567
-2.135727 1.658269
6.03828 -2.584776
-2.753082 -1.414316
2.667614 -10.068376
-2.312756 1.067499
-2.938068 -0.30296
-1.606079 8.348324
5.649047 5.643706
-7.949286 -5.883186
2.721133 8.057667
12.543088 -1.89894
4.376117 6.388288
6.414326 -9.410828
-2.374521 1.127405
4.733728 -3.375385
-3.873508 7.262249
-2.37179 0.357443
-8.80435 2.319737
-2.652609 1.451515
6.451027 0.53062
-0.153102 -10.257504
5.657055 5.370349
-2.984383 -0.993963
-8.559916 -4.863171
-2.004489 -3.387335
1.365064 8.22159
-8.088528 -5.254996
-3.126769 -0.820006
-8.270586 -3.647282
4.009042 -3.075541
0.176007 8.449753
4.587069 6.655761
5.523187 -1.800785
-3.278219 7.467189
-6.272387 5.801146
6.151147 9.607727
